0.1 0.8 0.1
0.101295 0.79916 0.099545
0.102604407486 0.798301402013 0.099094190501
0.103928291683 0.797424152721 0.0986475555959
0.105266719518 0.796528200813 0.098205079669
0.106619755542 0.795613497064 0.097766747394
0.107987461857 0.79467999441 0.0973325437328
0.10936989804 0.793727648027 0.0969024539332
0.110767121071 0.792756415401 0.0964764635281
0.112179185256 0.791766256411 0.0960545583329
0.113606142154 0.790757133401 0.0956367244446
0.115048040503 0.789729011257 0.0952229482395
0.116504926143 0.788681857485 0.0948132163722
0.117976841946 0.787615642281 0.094407515773
0.119463827739 0.786530338614 0.0940058336473
0.120965920235 0.785425922292 0.0936081574729
0.122483152958 0.784302372043 0.093214474999
0.124015556172 0.783159669584 0.0928247742444
0.125563156809 0.781997799696 0.0924390434953
0.1271259784 0.780816750296 0.0920572713042
0.128704041007 0.779616512505 0.091679446488
0.130297361152 0.778397080722 0.0913055581261
0.131905951751 0.77715845269 0.0909355955591
0.133529822048 0.775900629565 0.0905695483865
0.13516897755 0.774623615984 0.0902074064656
0.136823419964 0.773327420126 0.0898491599094
0.138493147134 0.772012053781 0.089494799085
0.140178152981 0.770677532407 0.0891443146117
0.141878427444 0.769323875197 0.0887976973597
0.143593956422 0.76795110513 0.0884549384481
0.145324721721 0.766559249036 0.088116029243
0.147070700997 0.765148337647 0.0877809613561
0.148831867707 0.76371840565 0.0874497266429
0.150608191057 0.762269491742 0.0871223172009
0.152399635959 0.760801638673 0.0867987253679
0.15420616298 0.7593148933 0.0864789437203
0.156027728301 0.757809306627 0.0861629650714
0.157864283682 0.756284933849 0.0858507824696
0.159715776414 0.754741834389 0.0855423891969
0.161582149292 0.753180071941 0.0852377787671
0.163463340578 0.751599714498 0.084936944924
0.165359283973 0.750000834388 0.0846398816397
0.167269908585 0.748383508302 0.0843465831131
0.169195138913 0.746747817319 0.0840570437682
0.171134894815 0.745093846932 0.0837712582523
0.173089091499 0.743421687067 0.0834892214345
0.1750576395 0.741731432096 0.0832109284039
0.177040444672 0.74002318086 0.082936374468
0.179037408177 0.738297036672 0.0826655551513
0.181048426479 0.736553107328 0.0823984661934
0.18307339134 0.734791505113 0.0821351035477
0.185112189822 0.733012346798 0.0818754633795
0.187164704293 0.731215753643 0.0816195420647
0.189230812426 0.729401851386 0.0813673361883
0.191310387219 0.727570770239 0.0811188425426
0.193403297003 0.725722644871 0.080874058126
0.19550940546 0.723857614398 0.0806329801414
0.197628571647 0.721975822358 0.0803956059949
0.199760650016 0.72007741669 0.0801619332939
0.201905490445 0.718162549709 0.0799319598465
0.204062938266 0.716231378075 0.0797056836593
0.206232834304 0.71428406276 0.0794831029367
0.20841501491 0.712320769011 0.0792642160793
0.210609312007 0.71034166631 0.0790490216825
0.212815553133 0.708346928331 0.0788375185356
0.21503356149 0.70633673289 0.0786297056203
0.217263155993 0.704311261898 0.0784255821096
0.21950415133 0.702270701303 0.0782251473668
0.221756358017 0.700215241038 0.0780284009441
0.224019582462 0.698145074956 0.0778353425818
0.226293627025 0.696060400767 0.0776459722072
0.228578290094 0.693961419972 0.0774602899334
0.230873366149 0.691848337792 0.0772782960589
0.233178645839 0.689721363095 0.0770999910658
0.23549391606 0.68758070832 0.07692537562
0.237818960033 0.685426589397 0.0767544505695
0.24015355739 0.683259225666 0.0765872169441
0.242497484256 0.68107883979 0.0764236759546
0.244850513337 0.678885657671 0.076263828992
0.247212414017 0.676679908356 0.076107677627
0.249582952442 0.674461823948 0.0759552236093
0.251961891625 0.672231639508 0.0758064688673
0.254348991534 0.669989592958 0.0756614155073
0.256744009203 0.667735924984 0.0755200658133
0.259146698824 0.665470878929 0.0753824222466
0.261556811857 0.663194700698 0.0752484874453
0.263974097134 0.660907638641 0.0751182642243
0.266398300968 0.658609943457 0.0749917555748
0.268829167259 0.656301868077 0.0748689646645
0.271266437607 0.653983667557 0.0747498948369
0.273709851423 0.651655598965 0.074634549612
0.276159146046 0.649317921268 0.0745229326856
0.27861405685 0.646970895221 0.0744150479299
0.281074317364 0.644614783243 0.074310899393
0.283539659389 0.642249849311 0.0742104912997
0.286009813113 0.639876358836 0.0741138280513
0.288484507227 0.637494578548 0.0740209142259
0.290963469045 0.635104776376 0.0739317545791
0.293446424624 0.632707221332 0.0738463540436
0.295933098878 0.630302183392 0.0737647177304
0.298423215699 0.627889933372 0.0736868509289
0.300916498076 0.625470742816 0.0736127591075
0.303412668214 0.623044883872 0.0735424479138
0.305911447648 0.620612629176 0.0734759231762
0.308412557365 0.618174251732 0.0734131909033
0.310915717919 0.615730024795 0.0733542572857
0.31342064955 0.613280221754 0.0732991286962
0.315927072295 0.610825116015 0.0732478116906
0.318434706106 0.608364980885 0.0732003130089
0.320943270966 0.605900089458 0.0731566395758
0.323452486996 0.603430714502 0.073116798502
0.325962074573 0.600957128342 0.0730807970848
0.328471754434 0.598479602757 0.0730486428095
0.330981247789 0.59599840886 0.0730203433503
0.333490276429 0.593513816999 0.0729959065713
0.335998562829 0.591026096644 0.0729753405278
0.338505830251 0.588535516282 0.0729586534671
0.341011802852 0.586042343318 0.0729458538304
0.343516205779 0.583546843968 0.0729369502532
0.34601876527 0.581049283163 0.0729319515673
0.34851920875 0.578549924449 0.0729308668012
0.351017264927 0.576049029891 0.0729337051825
0.353512663881 0.573546859981 0.0729404761382
0.356005137157 0.571043673547 0.0729511892966
0.358494417853 0.568539727659 0.0729658544886
0.360980240703 0.566035277548 0.072984481749
0.363462342164 0.563530576518 0.0730070813177
0.365940460494 0.561025875864 0.0730336636415
0.368414335831 0.558521424794 0.0730642393751
0.370883710268 0.556017470349 0.0730988193828
0.373348327931 0.55351425733 0.0731374147398
0.375807935043 0.551012028223 0.0731800367338
0.378262279998 0.548511023136 0.0732266968658
0.380711113424 0.546011479723 0.0732774068524
0.383154188247 0.543513633126 0.0733321786266
0.38559125975 0.54101771591 0.0733910243394
0.388022085634 0.538523958005 0.073453956361
0.39044642607 0.536032586647 0.0735209872825
0.392864043753 0.53354382633 0.0735921299171
0.395274703952 0.531057898747 0.0736673973013
0.397678174558 0.528575022745 0.0737468026965
0.400074226128 0.526095414282 0.07383035959
0.402462631926 0.523619286377 0.0739180816966
0.404843167965 0.521146849075 0.0740099829597
0.407215613043 0.518678309405 0.0741060775521
0.409579748775 0.516213871347 0.074206379878
0.41193535963 0.513753735797 0.0743109045735
0.414282232955 0.511298100537 0.0744196665079
0.416620159006 0.508847160209 0.0745326807849
0.41894893097 0.506401106287 0.0746499627433
0.421268344988 0.503960127053 0.0747715279583
0.423578200175 0.501524407582 0.0748973922424
0.425878298637 0.499094129717 0.0750275716458
0.428168445486 0.496669472056 0.0751620824578
0.430448448853 0.494250609939 0.0753009412075
0.432718119899 0.491837715437 0.0754441646639
0.434977272821 0.489430957341 0.0755917698373
0.437225724864 0.487030501156 0.0757437739794
0.439463296319 0.484636509097 0.0759001945839
0.44168981053 0.482249140083 0.0760610493873
0.44390509389 0.479868549742 0.0762263563684
0.446108975844 0.477494890407 0.0763961337495
0.448301288882 0.475128311122 0.0765703999961
0.450481868537 0.472768957646 0.0767491738171
0.452650553374 0.470416972461 0.0769324741651
0.454807184985 0.468072494779 0.077120320236
0.456951607976 0.465735660555 0.077312731469
0.459083669958 0.463406602496 0.0775097275463
0.46120322153 0.461085450077 0.0777113283933
0.463310116268 0.458772329555 0.0779175541773
0.465404210705 0.456467363987 0.0781284253078
0.467485364317 0.454170673248 0.0783439624354
0.469553439499 0.45188237405 0.0785641864513
0.471608301551 0.449602579962 0.0787891184864
0.473649818654 0.447331401436 0.0790187799105
0.475677861843 0.445068945826 0.0792531923311
0.477692304992 0.442815317416 0.0794923775924
0.479693024783 0.440570617444 0.0797363577738
0.481679900681 0.43833494413 0.0799851551889
0.483652814913 0.436108392703 0.0802387923837
0.485611652433 0.433891055432 0.0804972921349
0.487556300899 0.431683021653 0.0807606774487
0.489486650641 0.429484377801 0.081028971558
0.491402594636 0.427295207442 0.0813021979214
0.493304028473 0.425115591306 0.0815803802205
0.495190850325 0.422945607318 0.0818635423574
0.497062960915 0.420785330632 0.0821517084532
0.498920263488 0.418634833668 0.0824449028443
0.500762663776 0.416494186143 0.0827431500807
0.502590069965 0.414363455112 0.0830464749225
0.504402392665 0.412242704998 0.0833549023374
0.506199544871 0.410131997632 0.0836684574973
0.507981441937 0.408031392288 0.083987165775
0.509748001534 0.405940945725 0.084311052741
0.511499143624 0.403860712217 0.0846401441598
0.513234790417 0.401790743597 0.0849744659862
0.514954866346 0.399731089293 0.0853140443612
0.516659298025 0.397681796367 0.0856589056084
0.518348014218 0.395642909552 0.0860090762293
0.520020945806 0.393614471294 0.0863645828993
0.521678025749 0.391596521788 0.086725452463
0.523319189053 0.389589099018 0.0870917119293
0.524944372738 0.387592238795 0.0874633884671
0.526553515801 0.3856059748 0.0878405093995
0.528146559184 0.383630338617 0.0882231021993
0.52972344574 0.381665359778 0.0886111944828
0.531284120198 0.379711065797 0.0890048140051
0.532828529131 0.377767482215 0.0894039886538
0.534356620925 0.375834632632 0.089808746443
0.535868345742 0.373912538751 0.0902191155077
0.537363655491 0.372001220412 0.0906351240968
0.538842503795 0.370100695638 0.0910568005673
0.54030484596 0.368210980663 0.0914841733771
0.541750638943 0.366332089978 0.0919172710785
0.543179841322 0.364464036367 0.0923561223109
0.544592413263 0.362606830943 0.0928007557937
0.545988316496 0.360760483185 0.0932512003189
0.54736751428 0.358925000977 0.0937074847432
0.548729971374 0.357100390645 0.0941696379805
0.550075654015 0.355286656991 0.0946376889939
0.551404529882 0.35348380333 0.0951116667873
0.552716568074 0.351691831529 0.0955916003968
0.554011739081 0.349910742036 0.0960775188827
0.555290014758 0.348140533921 0.0965694513201
0.5565513683 0.346381204909 0.0970674267902
0.557795774216 0.344632751413 0.0975714743712
0.559023208304 0.342895168567 0.0980816231284
0.560233647629 0.341168450265 0.0985979021053
0.561427070498 0.339452589189 0.0991203403131
0.562603456438 0.337747576841 0.0996489667211
0.563762786173 0.336053403581 0.100183810247
0.564905041602 0.334370058654 0.100724899744
0.566030205783 0.332697530222 0.101272263995
0.567138262905 0.331035805399 0.101825931696
0.568229198274 0.329384870276 0.10238593145
0.569302998292 0.327744709955 0.102952291754
0.57035965044 0.326115308576 0.103525040984
0.571399143258 0.324496649351 0.104104207391
0.572421466331 0.322888714587 0.104689819082
0.573426610269 0.321291485717 0.105281904013
0.574414566695 0.319704943331 0.105880489974
0.575385328227 0.318129067197 0.106485604575
0.576338888466 0.316563836294 0.10709727524
0.577275241979 0.315009228834 0.107715529187
0.578194384289 0.313465222292 0.108340393419
0.579096311861 0.311931793429 0.10897189471
0.579981022091 0.310408918318 0.109610059591
0.580848513292 0.30889657237 0.110254914338
0.581698784689 0.307394730355 0.110906484956
0.582531836401 0.305903366431 0.111564797168
0.583347669441 0.304422454161 0.112229876398
0.584146285698 0.302951966543 0.11290174776
0.584927687935 0.301491876025 0.113580436039
0.585691879782 0.300042154535 0.114265965683
0.586438865722 0.298602773496 0.114958360782
0.587168651093 0.29717370385 0.115657645056
0.587881242078 0.295754916081 0.116363841841
0.588576645699 0.29434638023 0.117076974071
0.589254869816 0.29294806592 0.117797064264
0.589915923118 0.291559942372 0.11852413451
0.590559815125 0.290181978428 0.119258206448
0.591186556179 0.288814142564 0.119999301257
0.59179615745 0.287456402914 0.120747439637
0.592388630922 0.286108727284 0.121502641793
0.592963989405 0.284771083173 0.122264927421
0.593522246524 0.283443437786 0.12303431569
0.594063416722 0.282125758052 0.123810825225
0.594587515263 0.280818010644 0.124594474094
0.595094558226 0.279520161988 0.125385279785
0.595584562513 0.278232178287 0.1261832592
0.596057545846 0.276954025528 0.126988428626
0.59651352677 0.275685669501 0.127800803729
0.596952524656 0.274427075815 0.128620399529
0.597374559702 0.273178209908 0.12944723039
0.597779652939 0.271939037062 0.130281309999
0.598167826232 0.270709522421 0.131122651348
0.598539102283 0.269489630996 0.131971266722
0.59889350464 0.268279327683 0.132827167677
0.599231057695 0.267078577277 0.133690365028
0.599551786696 0.265887344477 0.134560868827
0.599855717746 0.264705593906 0.135438688348
0.600142877811 0.263533290116 0.136323832073
0.600413294727 0.262370397602 0.137216307671
0.600666997204 0.261216880815 0.138116121981
0.600904014835 0.260072704166 0.139023280999
0.601124378098 0.258937832043 0.139937789859
0.601328118368 0.257812228817 0.140859652815
0.60151526792 0.256695858854 0.141788873226
0.60168585994 0.255588686521 0.142725453539
0.601839928528 0.254490676198 0.143669395274
0.601977508708 0.253401792287 0.144620699005
0.602098636437 0.25232199922 0.145579364343
0.60220334861 0.251251261463 0.146545389926
0.602291683071 0.250189543533 0.147518773396
0.602363678616 0.249136809998 0.148499511386
0.602419375008 0.248093025486 0.149487599505
0.60245881298 0.247058154696 0.150483032323
0.602482034245 0.246032162401 0.151485803353
0.602489081505 0.245015013458 0.152495905038
0.602479998456 0.24400667281 0.153513328734
0.602454829803 0.243007105498 0.154538064699
0.602413621262 0.242016276664 0.155570102075
0.602356419568 0.241034151556 0.156609428875
0.602283272491 0.240060695537 0.157656031972
0.602194228835 0.239095874088 0.158709897077
0.602089338451 0.238139652813 0.159771008736
0.601968652244 0.237191997447 0.160839350309
0.601832222181 0.236252873858 0.161914903961
0.601680101298 0.235322248053 0.162997650649
0.60151234371 0.234400086182 0.164087570108
0.601329004614 0.233486354544 0.165184640842
0.601130140302 0.232581019588 0.16628884011
0.600915808162 0.231684047921 0.167400143917
0.600686066691 0.230795406309 0.168518527
0.600440975497 0.229915061681 0.169643962822
0.600180595307 0.229042981136 0.170776423558
0.599904987974 0.228179131939 0.171915880087
0.599614216482 0.227323481533 0.173062301985
0.599308344952 0.226475997535 0.174215657513
0.598987438647 0.225636647744 0.175375913609
0.598651563978 0.224805400139 0.176543035883
0.598300788507 0.223982222888 0.177716988605
0.597935180954 0.223167084342 0.178897734704
0.597554811198 0.222359953046 0.180085235756
0.597159750283 0.221560797736 0.181279451981
0.596750070419 0.220769587343 0.182480342238
0.596325844989 0.219986290994 0.183687864017
0.595887148547 0.219210878014 0.184901973439
0.595434056823 0.21844331793 0.186122625247
0.594966646723 0.21768358047 0.187349772807
0.594484996332 0.216931635565 0.188583368103
0.593989184914 0.216187453351 0.189823361736
0.59347929291 0.21545100417 0.19106970292
0.592955401943 0.214722258574 0.192322339483
0.592417594814 0.214001187319 0.193581217866
0.591865955501 0.213287761376 0.194846283123
0.591300569158 0.212581951921 0.19611747892
0.590721522114 0.211883730347 0.197394747539
0.590128901869 0.211193068255 0.198678029876
0.589522797091 0.21050993746 0.199967265448
0.588903297615 0.209834309993 0.201262392391
0.588270494436 0.209166158097 0.202563347468
0.587624479704 0.208505454227 0.203870066069
0.586965346722 0.207852171059 0.205182482219
0.586293189939 0.207206281478 0.206500528583
0.585608104943 0.206567758588 0.207824136469
0.584910188455 0.205936575707 0.209153235838
0.584199538321 0.20531270637 0.210487755309
0.583476253506 0.204696124326 0.211827622168
0.582740434082 0.204086803541 0.213172762377
0.581992181225 0.203484718195 0.21452310058
0.581231597199 0.202889842684 0.215878560117
0.580458785351 0.20230215162 0.217239063029
0.579673850097 0.201721619828 0.218604530075
0.578876896914 0.20114822235 0.219974880736
0.578068032326 0.200581934438 0.221350033236
0.577247363893 0.200022731561 0.222729904546
0.576415000197 0.199470589402 0.224114410402
0.57557105083 0.198925483852 0.225503465318
0.574715626381 0.198387391019 0.2268969826
0.573848838419 0.197856287219 0.228294874362
0.572970799481 0.197332148981 0.229697051539
0.572081623053 0.196814953042 0.231103423905
0.57118142356 0.19630467635 0.23251390009
0.570270316343 0.195801296062 0.233928387595
0.569348417647 0.19530478954 0.235346792813
0.568415844601 0.194815134354 0.236769021045
0.567472715202 0.194332308282 0.238194976516
0.566519148294 0.193856289305 0.239624562401
0.565555263552 0.193387055608 0.24105768084
0.564581181463 0.19292458558 0.242494232957
0.563597023303 0.192468857811 0.243934118886
0.562602911119 0.192019851094 0.245377237788
0.56159896771 0.191577544419 0.246823487871
0.560585316603 0.191141916977 0.24827276642
0.559562082035 0.190712948157 0.249724969808
0.558529388927 0.190290617544 0.25117999353
0.557487362866 0.189874904917 0.252637732218
0.55643613008 0.189465790251 0.25409807967
0.555375817417 0.189063253713 0.25556092887
0.55430655232 0.188667275664 0.257026172016
0.553228462806 0.188277836652 0.258493700543
0.552141677438 0.187894917416 0.259963405145
0.551046325308 0.187518498884 0.261435175808
0.549942536003 0.187148562169 0.262908901828
0.548830439591 0.186785088569 0.264384471839
0.547710166588 0.186428059568 0.265861773844
0.546581847936 0.186077456831 0.267340695234
0.545445614978 0.185733262203 0.26882112282
0.544301599432 0.185395457711 0.270302942857
0.543149933368 0.185064025559 0.271786041073
0.541990749175 0.184738948129 0.273270302696
0.540824179544 0.184420207978 0.274755612478
0.539650357435 0.184107787835 0.27624185473
0.538469416054 0.183801670605 0.277728913341
0.537281488828 0.18350183936 0.279216671812
0.536086709373 0.183208277345 0.280705013282
0.534885211474 0.182920967972 0.282193820554
0.533677129055 0.182639894818 0.283682976127
0.532462596154 0.182365041625 0.285172362221
0.531241746893 0.1820963923 0.286661860807
0.530014715456 0.181833930911 0.288151353634
0.52878163606 0.181577641684 0.289640722256
0.527542642929 0.181327509007 0.291129848065
0.526297870266 0.181083517422 0.292618612312
0.525047452231 0.180845651628 0.294106896141
0.523791522909 0.180613896476 0.295594580616
0.522530216286 0.18038823697 0.297081546744
0.521263666225 0.180168658264 0.298567675511
0.519992006438 0.17995514566 0.300052847902
0.518715370459 0.179747684608 0.301536944932
0.517433891621 0.179546260703 0.303019847677
0.516147703028 0.17935085968 0.304501437292
0.51485693753 0.179161467421 0.305981595049
0.513561727702 0.178978069944 0.307460202354
0.512262205811 0.178800653406 0.308937140783
0.510958503799 0.178629204101 0.3104122921
0.509650753255 0.178463708456 0.311885538289
0.508339085388 0.178304153033 0.313356761579
0.507023631011 0.178150524522 0.314825844468
0.505704520508 0.178002809743 0.316292669749
0.504381883818 0.177860995644 0.317757120538
0.503055850406 0.177725069298 0.319219080295
0.501726549247 0.1775950179 0.320678432853
0.500394108796 0.177470828767 0.322135062437
0.499058656971 0.177352489334 0.323588853694
0.49772032113 0.177239987157 0.325039691713
0.496379228047 0.177133309904 0.326487462048
0.495035503897 0.177032445358 0.327932050745
0.493689274226 0.176937381413 0.329373344361
0.492340663942 0.176848106071 0.330811229987
0.490989797284 0.176764607445 0.332245595271
0.48963679781 0.176686873749 0.333676328441
0.488281788374 0.176614893303 0.335103318323
0.486924891111 0.176548654526 0.336526454362
0.485566227414 0.176488145939 0.337945626647
0.484205917919 0.176433356155 0.339360725926
0.482844082486 0.176384273886 0.340771643629
0.481480840183 0.176340887933 0.342178271884
0.480116309271 0.17630318719 0.34358050354
0.478750607183 0.176271160636 0.344978232182
0.477383850513 0.176244797337 0.34637135215
0.476016154998 0.176224086443 0.347759758559
0.474647635506 0.176209017183 0.349143347311
0.473278406016 0.176199578867 0.350522015117
0.471908579611 0.176195760878 0.351895659511
0.47053826846 0.176197552676 0.353264178864
0.469167583806 0.17620494379 0.354627472404
0.467796635953 0.17621792382 0.355985440227
0.466425534256 0.17623648243 0.357337983313
0.465054387108 0.176260609351 0.358685003541
0.463683301928 0.176290294372 0.3600264037
0.462312385149 0.176325527343 0.361362087507
0.460941742215 0.176366298171 0.362691959615
0.45957147756 0.176412596814 0.364015925626
0.458201694609 0.176464413284 0.365333892107
0.456832495762 0.17652173764 0.366645766598
0.455463982392 0.176584559985 0.367951457623
0.454096254829 0.176652870468 0.369250874703
0.452729412359 0.176726659277 0.370543928363
0.451363553216 0.176805916637 0.371830530146
0.449998774573 0.176890632809 0.373110592618
0.448635172535 0.176980798083 0.374384029381
0.44727284214 0.177076402782 0.375650755078
0.445911877344 0.177177437251 0.376910685405
0.444552371025 0.177283891862 0.378163737113
0.443194414972 0.177395757004 0.379409828024
0.441838099886 0.177513023085 0.38064887703
0.440483515371 0.177635680527 0.381880804102
0.439130749936 0.177763719764 0.3831055303
0.43777989099 0.177897131236 0.384322977774
0.436431024838 0.17803590539 0.385533069771
0.435084236683 0.178180032676 0.386735730641
0.43373961062 0.178329503539 0.387930885841
0.432397229636 0.178484308424 0.389118461939
0.431057175614 0.178644437766 0.39029838662
0.429719529323 0.17880988199 0.391470588687
0.428384370428 0.178980631507 0.392634998066
0.427051777482 0.17915667671 0.393791545808
0.425721827932 0.179338007974 0.394940164094
0.424394598118 0.179524615647 0.396080786235
0.423070163273 0.179716490052 0.397213346675
0.421748597528 0.179913621481 0.398337780991
0.42042997391 0.180116000192 0.399454025898
0.419114364347 0.180323616404 0.400562019249
0.417801839669 0.180536460299 0.401661700032
0.416492469613 0.18075452201 0.402753008377
0.415186322822 0.180977791626 0.403835885551
0.413883466855 0.181206259184 0.404910273962
0.412583968182 0.181439914664 0.405976117154
0.411287892198 0.18167874799 0.407033359813
0.409995303217 0.181922749023 0.40808194776
0.408706264485 0.182171907559 0.409121827956
0.407420838181 0.182426213325 0.410152948494
0.406139085421 0.182685655974 0.411175258605
0.404861066267 0.182950225084 0.41218870865
0.403586839727 0.183219910151 0.413193250122
0.402316463766 0.18349470059 0.414188835645
0.401049995309 0.183774585726 0.415175418965
0.39978749025 0.184059554794 0.416152954957
0.398529003452 0.184349596934 0.417121399614
0.397274588762 0.184644701186 0.418080710051
0.396024299012 0.184944856491 0.419030844497
0.394778186026 0.185250051679 0.419971762295
0.393536300631 0.185560275474 0.420903423895
0.392298692659 0.185875516484 0.421825790857
0.39106541096 0.186195763201 0.422738825839
0.389836503404 0.186521003994 0.423642492602
0.388612016893 0.186851227108 0.424536755999
0.387391997367 0.187186420658 0.425421581974
0.386176489812 0.187526572628 0.42629693756
0.384965538268 0.187871670864 0.427162790869
0.383759185836 0.188221703071 0.428019111092
0.382557474692 0.188576656811 0.428865868497
0.381360446087 0.188936519497 0.429703034415
0.380168140362 0.189301278392 0.430530581246
0.378980596954 0.1896709206 0.431348482446
0.377797854404 0.190045433068 0.432156712529
0.376619950367 0.190424802579 0.432955247054
0.375446921624 0.190809015748 0.433744062628
0.374278804083 0.191198059021 0.434523136897
0.373115632795 0.191591918667 0.435292448538
0.371957441962 0.191990580777 0.43605197726
0.370804264944 0.192394031262 0.436801703794
0.369656134267 0.192802255844 0.437541609889
0.368513081638 0.193215240057 0.438271678306
0.367375137947 0.19363296924 0.438991892813
0.366242333284 0.194055428536 0.43970223818
0.365114696941 0.194482602888 0.440402700171
0.363992257425 0.194914477032 0.441093265543
0.36287504247 0.195351035497 0.441773922033
0.361763079038 0.195792262601 0.44244465836
0.36065639334 0.196238142447 0.443105464214
0.359555010834 0.196688658915 0.44375633025
0.358458956244 0.197143795668 0.444397248088
0.357368253561 0.19760353614 0.4450282103
0.356282926059 0.198067863535 0.445649210406
0.355202996303 0.198536760825 0.446260242872
0.354128486154 0.199010210746 0.4468613031
0.353059416784 0.199488195795 0.447452387421
0.351995808684 0.199970698222 0.448033493094
0.35093768167 0.200457700036 0.448604618294
0.349885054896 0.200949182993 0.449165762112
0.348837946861 0.201445128595 0.449716924543
0.347796375423 0.201945518093 0.450258106485
0.346760357799 0.202450332473 0.450789309728
0.345729910584 0.202959552462 0.451310536954
0.344705049755 0.203473158521 0.451821791725
0.34368579068 0.203991130842 0.452323078478
0.342672148128 0.204513449348 0.452814402524
0.34166413628 0.205040093685 0.453295770035
0.340661768734 0.205571043223 0.453767188043
0.339665058518 0.206106277053 0.454228664429
0.338674018095 0.206645773984 0.454680207921
0.337688659374 0.207189512537 0.455121828089
0.33670899372 0.207737470948 0.455553535332
0.33573503196 0.208289627161 0.455975340879
0.334766784392 0.20884595883 0.456387256778
0.333804260795 0.20940644331 0.456789295895
0.332847470437 0.209971057662 0.457181471901
0.331896422084 0.210539778644 0.457563799272
0.330951124006 0.211112582715 0.45793629328
0.330011583988 0.211689446027 0.458298969986
0.329077809336 0.212270344428 0.458651846236
0.328149806888 0.212855253457 0.458994939655
0.327227583019 0.213444148343 0.459328268637
0.326311143651 0.214037004004 0.459651852345
0.32540049426 0.214633795041 0.459965710699
0.324495639883 0.215234495743 0.460269864373
0.32359658513 0.215839080082 0.460564334788
0.322703334185 0.216447521709 0.460849144106
0.32181589082 0.217059793956 0.461124315224
0.320934258398 0.217675869835 0.461389871767
0.320058439882 0.218295722035 0.461645838083
0.319188437844 0.218919322919 0.461892239237
0.31832425447 0.219546644529 0.462129101001
0.317465891568 0.220177658577 0.462356449854
0.316613350575 0.220812336452 0.462574312972
0.315766632565 0.221450649213 0.462782718222
0.314925738254 0.222092567591 0.462981694155
0.314090668008 0.222738061989 0.463171270003
0.313261421851 0.223387102479 0.463351475669
0.31243799947 0.224039658805 0.463522341724
0.311620400221 0.22469570038 0.463683899399
0.310808623138 0.225355196284 0.463836180578
0.310002666938 0.22601811527 0.463979217792
0.309202530025 0.226684425759 0.464113044216
0.308408210502 0.22735409584 0.464237693658
0.307619706172 0.228027093272 0.464353200556
0.306837014547 0.228703385485 0.464459599969
0.306060132851 0.229382939576 0.464556927573
0.30528905803 0.230065722317 0.464645219653
0.304523786755 0.230751700147 0.464724513098
0.303764315429 0.231440839177 0.464794845394
0.30301064019 0.232133105193 0.464856254617
0.302262756922 0.232828463652 0.464908779426
0.301520661255 0.233526879686 0.464952459059
0.300784348572 0.234228318102 0.464987333326
0.300053814019 0.234932743383 0.465013442598
0.299329052502 0.235640119691 0.465030827807
0.298610058698 0.236350410866 0.465039530436
0.297896827059 0.237063580429 0.465039592512
0.297189351816 0.237779591583 0.465031056601
0.296487626985 0.238498407216 0.465013965799
0.295791646371 0.239219989899 0.46498836373
0.295101403573 0.239944301893 0.464954294534
0.294416891989 0.240671305148 0.464911802863
0.29373810482 0.241400961305 0.464860933875
0.293065035075 0.242133231701 0.464801733224
0.292397675576 0.242868077366 0.464734247058
0.291736018962 0.243605459031 0.464658522008
0.291080057691 0.244345337128 0.464574605182
0.290429784048 0.245087671792 0.46448254416
0.289785190148 0.245832422865 0.464382386987
0.289146267937 0.246579549899 0.464274182163
0.288513009202 0.247329012158 0.46415797864
0.287885405567 0.248080768622 0.464033825811
0.287263448505 0.248834777987 0.463901773507
0.286647129337 0.249590998675 0.463761871988
0.286036439235 0.25034938883 0.463614171935
0.28543136923 0.251109906325 0.463458724445
0.28483191021 0.251872508767 0.463295581023
0.284238052929 0.252637153497 0.463124793574
0.283649788007 0.253403797595 0.462946414398
0.283067105933 0.254172397888 0.46276049618
0.282489997071 0.254942910945 0.462567091984
0.28191845166 0.255715293091 0.462366255249
0.281352459821 0.256489500404 0.462158039775
0.280792011557 0.257265488721 0.461942499722
0.280237096755 0.258043213646 0.461719689599
0.279687705194 0.258822630547 0.461489664259
0.279143826542 0.259603694568 0.461252478889
0.278605450364 0.260386360629 0.461008189006
0.278072566121 0.261170583433 0.460756850446
0.277545163174 0.261956317466 0.46049851936
0.277023230786 0.262743517011 0.460233252203
0.276506758127 0.263532136142 0.45996110573
0.275995734275 0.264322128738 0.459682136987
0.275490148216 0.265113448482 0.459396403302
0.274989988851 0.265906048869 0.459103962281
0.274495244994 0.26669988321 0.458804871796
0.274005905378 0.267494904638 0.458499189984
0.273521958654 0.268291066115 0.458186975231
0.273043393397 0.269088320431 0.457868286171
0.272570198104 0.269886620219 0.457543181677
0.272102361199 0.27068591795 0.457211720851
0.271639871032 0.271486165949 0.456873963019
0.271182715885 0.272287316391 0.456529967723
0.270730883972 0.273089321316 0.456179794712
0.270284363439 0.273892132625 0.455823503936
0.26984314237 0.274695702094 0.455461155537
0.269407208782 0.275499981376 0.455092809842
0.268976550636 0.276304922007 0.454718527357
0.268551155831 0.277110475412 0.454338368757
0.268131012209 0.277916592913 0.453952394878
0.267716107555 0.278723225732 0.453560666713
0.2673064296 0.279530324999 0.453163245401
0.266901966023 0.280337841758 0.452760192219
0.266502704449 0.281145726972 0.452351568578
0.266108632455 0.281953931532 0.451937436013
0.265719737567 0.282762406258 0.451517856175
0.265336007265 0.283571101912 0.451092890823
0.264957428982 0.284379969197 0.45066260182
0.264583990106 0.285188958771 0.450227051123
0.26421567798 0.285998021247 0.449786300773
0.263852479907 0.286807107202 0.449340412892
0.263494383144 0.287616167183 0.448889449673
0.263141374911 0.288425151716 0.448433473374
0.262793442386 0.289234011306 0.447972546308
0.26245057271 0.29004269645 0.44750673084
0.262112752985 0.290851157641 0.447036089374
0.261779970277 0.291659345374 0.446560684349
0.261452211616 0.29246721015 0.446080578233
0.261129463996 0.293274702491 0.445595833513
0.260811714377 0.294081772935 0.445106512688
0.260498949686 0.29488837205 0.444612678263
0.260191156817 0.295694450442 0.444114392741
0.259888322631 0.296499958752 0.443611718617
0.259590433958 0.297304847675 0.443104718367
0.259297477598 0.298109067954 0.442593454448
0.259009440318 0.298912570397 0.442077989285
0.258726308859 0.299715305877 0.441558385263
0.258448069931 0.300517225341 0.441034704728
0.258174710214 0.301318279814 0.440507009972
0.257906216361 0.30211842041 0.439975363229
0.257642574999 0.302917598333 0.439439826669
0.257383772723 0.303715764887 0.43890046239
0.257129796106 0.304512871481 0.438357332412
0.256880631691 0.305308869637 0.437810498672
0.256636265997 0.306103710991 0.437260023012
0.256396685514 0.306897347307 0.436705967179
0.256161876708 0.307689730477 0.436148392815
0.255931826021 0.30848081253 0.435587361449
0.255706519867 0.309270545637 0.435022934495
0.255485944637 0.31005888212 0.434455173244
0.255270086694 0.310845774452 0.433884138854
0.25505893238 0.311631175269 0.433309892351
0.254852468009 0.312415037375 0.432732494616
0.254650679873 0.313197313745 0.432152006382
0.254453554238 0.313977957532 0.43156848823
0.254261077345 0.314756922076 0.430982000579
0.254073235412 0.315534160905 0.430392603684
0.253890014631 0.316309627744 0.429800357625
0.253711401171 0.317083276521 0.429205322308
0.253537381175 0.31785506137 0.428607557455
0.253367940763 0.318624936639 0.428007122598
0.253203066028 0.319392856894 0.427404077078
0.253042743041 0.320158776926 0.426798480034
0.252886957845 0.320922651754 0.4261903904
0.252735696461 0.321684436635 0.425579866904
0.252588944882 0.322444087065 0.424966968053
0.252446689078 0.323201558784 0.424351752138
0.252308914991 0.323956807786 0.423734277223
0.252175608538 0.324709790318 0.423114601143
0.252046755612 0.325460462891 0.422492781497
0.251922342076 0.32620878228 0.421868875644
0.25180235377 0.326954705532 0.421242940698
0.251686776504 0.32769818997 0.420615033526
0.251575596062 0.328439193198 0.41998521074
0.251468798202 0.329177673105 0.419353528694
0.251366368651 0.329913587871 0.418720043478
0.251268293111 0.33064689597 0.418084810919
0.251174557253 0.331377556177 0.41744788657
0.251085146721 0.332105527569 0.41680932571
0.251000047128 0.332830769534 0.416169183339
0.250919244058 0.333553241769 0.415527514173
0.250842723065 0.334272904291 0.414884372644
0.250770469672 0.334989717438 0.414239812891
0.250702469371 0.33570364187 0.413593888759
0.250638707624 0.33641463858 0.412946653796
0.250579169859 0.337122668892 0.412298161248
0.250523841473 0.337827694469 0.411648464058
0.250472707829 0.338529677312 0.410997614859
0.250425754256 0.33922857977 0.410345665973
0.250382966053 0.339924364539 0.409692669409
0.250344328479 0.340616994664 0.409038676857
0.250309826763 0.341306433551 0.408383739687
0.250279446095 0.34199264496 0.407727908946
0.250253171631 0.342675593014 0.407071235355
0.25023098849 0.343355242205 0.406413769305
0.250212881753 0.344031557389 0.405755560858
0.250198836465 0.344704503795 0.405096659739
0.250188837632 0.345374047029 0.404437115339
0.250182870219 0.346040153073 0.403776976708
0.250180919156 0.346702788288 0.403116292556
0.250182969329 0.347361919421 0.402455111251
0.250189005585 0.348017513603 0.401793480812
0.250199012729 0.348669538357 0.401131448914
0.250212975527 0.349317961592 0.400469062881
0.250230878698 0.349962751616 0.399806369685
0.250252706922 0.350603877131 0.399143415947
0.250278444833 0.351241307236 0.398480247931
0.250308077021 0.351875011433 0.397816911546
0.250341588031 0.352504959627 0.397153452342
0.250378962364 0.353131122125 0.39648991551
0.250420184474 0.353753469646 0.395826345881
0.250465238766 0.354371973313 0.395162787921
0.250514109601 0.354986604663 0.394499285737
0.250566781289 0.355597335644 0.393835883067
0.250623238093 0.35620413862 0.393172623287
0.250683464226 0.35680698637 0.392509549404
0.250747443851 0.35740585209 0.391846704058
0.250815161081 0.358000709397 0.391184129522
0.250886599976 0.358591532325 0.390521867698
0.250961744546 0.359178295334 0.38985996012
0.251040578747 0.359760973305 0.389198447948
0.251123086482 0.360339541543 0.388537371976
0.2512092516 0.360913975778 0.387876772621
0.251299057897 0.361484252169 0.387216689934
0.251392489113 0.3620503473 0.386557163588
0.25148952893 0.362612238184 0.385898232886
0.251590160977 0.363169902264 0.385239936759
0.251694368824 0.363723317412 0.384582313764
0.251802135985 0.364272461931 0.383925402084
0.251913445913 0.364817314556 0.383269239531
0.252028282004 0.365357854454 0.382613863542
0.252146627595 0.365894061222 0.381959311183
0.252268465962 0.366425914894 0.381305619144
0.25239378032 0.366953395933 0.380652823746
0.252522553824 0.367476485239 0.380000960937
0.252654769566 0.367995164144 0.37935006629
0.252790410576 0.368509414413 0.378700175011
0.25292945982 0.369019218248 0.378051321931
0.253071900203 0.369524558283 0.377403541514
0.253217714563 0.370025417587 0.37675686785
0.253366885676 0.370521779661 0.376111334663
0.253519396249 0.371013628444 0.375466975307
0.253675228928 0.371500948305 0.374823822767
0.253834366289 0.371983724048 0.374181909663
0.253996790843 0.37246194091 0.373541268247
0.254162485034 0.372935584561 0.372901930406
0.254331431236 0.373404641103 0.372263927661
0.254503611756 0.373869097071 0.371627291173
0.254679008835 0.37432893943 0.370992051736
0.25485760464 0.374784155576 0.370358239785
0.25503938127 0.375234733335 0.369725885394
0.255224320757 0.375680660965 0.369095018278
0.255412405058 0.376121927149 0.368465667793
0.255603616062 0.376558521 0.367837862938
0.255797935584 0.376990432058 0.367211632358
0.255995345371 0.377417650287 0.366587004342
0.256195827094 0.37784016608 0.365964006826
0.256399362353 0.378257970252 0.365342667395
0.256605932676 0.378671054039 0.364723013284
0.256815519517 0.379079409104 0.364105071379
0.257028104257 0.379483027526 0.363488868217
0.257243668202 0.379881901807 0.362874429991
0.257462192584 0.380276024866 0.362261782551
0.257683658561 0.380665390039 0.3616509514
0.257908047217 0.381049991078 0.361041961705
0.258135339561 0.38142982215 0.360434838289
0.258365516524 0.381804877835 0.359829605641
0.258598558965 0.382175153124 0.359226287911
0.258834447667 0.382540643418 0.358624908916
0.259073163334 0.382901344526 0.35802549214
0.259314686597 0.383257252666 0.357428060736
0.259558998011 0.38360836446 0.356832637529
0.259806078052 0.383954676933 0.356239245015
0.260055907123 0.384296187512 0.355647905365
0.260308465547 0.384632894026 0.355058640426
0.260563733573 0.3849647947 0.354471471726
0.260821691373 0.385291888158 0.353886420469
0.26108231904 0.385614173416 0.353303507544
0.261345596592 0.385931649885 0.352722753523
0.261611503971 0.386244317365 0.352144178663
0.261880021041 0.386552176048 0.351567802911
0.262151127588 0.386855226511 0.350993645901
0.262424803324 0.387153469714 0.350421726962
0.262701027882 0.387446907004 0.349852065114
0.26297978082 0.387735540105 0.349284679074
0.263261041618 0.388019371123 0.348719587258
0.263544789681 0.388298402538 0.348156807781
0.263831004337 0.388572637206 0.347596358458
0.264119664837 0.388842078353 0.347038256811
0.264410750357 0.389106729577 0.346482520066
0.264704239999 0.389366594842 0.345929165159
0.265000112786 0.38962167848 0.345378208735
0.265298347668 0.389871985182 0.34482966715
0.265598923519 0.390117520003 0.344283556478
0.265901819139 0.390358288354 0.343739892507
0.266207013254 0.390594296003 0.343198690743
0.266514484513 0.390825549072 0.342659966414
0.266824211495 0.391052054033 0.342123734472
0.267136172703 0.391273817706 0.341590009591
0.267450346569 0.391490847257 0.341058806174
0.267766711449 0.391703150197 0.340530138354
0.268085245631 0.391910734376 0.340004019993
0.268405927327 0.392113607985 0.339480464688
0.268728734682 0.392311779546 0.338959485772
0.269053645767 0.392505257919 0.338441096314
0.269380638584 0.392694052292 0.337925309124
0.269709691065 0.392878172181 0.337412136754
0.270040781072 0.393057627428 0.3369015915
0.270373886401 0.393232428195 0.336393685404
0.270708984776 0.393402584967 0.335888430257
0.271046053856 0.393568108545 0.335385837599
0.271385071235 0.393729010041 0.334885918724
0.271726014436 0.393885300884 0.33438868468
0.272068860922 0.394036992807 0.333894146272
0.272413588087 0.394184097851 0.333402314063
0.272760173263 0.394326628359 0.332913198378
0.273108593718 0.394464596976 0.332426809306
0.273458826659 0.394598016642 0.331943156699
0.27381084923 0.394726900593 0.331462250176
0.274164638514 0.394851262357 0.330984099128
0.274520171535 0.394971115749 0.330508712716
0.274877425257 0.395086474871 0.330036099872
0.275236376585 0.395197354107 0.329566269308
0.275597002369 0.395303768122 0.329099229509
0.2759592794 0.395405731857 0.328634988743
0.276323184414 0.395503260528 0.328173555058
0.276688694094 0.395596369621 0.327714936285
0.277055785068 0.395685074891 0.327259140041
0.277424433912 0.395769392358 0.326806173731
0.277794617149 0.395849338302 0.326356044549
0.278166311253 0.395924929266 0.325908759482
0.278539492648 0.395996182045 0.325464325307
0.27891413771 0.39606311369 0.325022748601
0.279290222766 0.3961257415 0.324584035734
0.2796677241 0.396184083022 0.324148192878
0.280046617948 0.396238156046 0.323715226006
0.280426880503 0.396287978604 0.323285140893
0.280808487916 0.396333568965 0.322857943119
0.281191416296 0.396374945633 0.322433638072
0.281575641711 0.396412127342 0.322012230948
0.28196114019 0.396445133056 0.321593726753
0.282347887727 0.396473981966 0.321178130308
0.282735860275 0.396498693481 0.320765446245
0.283125033754 0.396519287232 0.320355679014
0.283515384051 0.396535783066 0.319948832882
0.283906887019 0.396548201043 0.319544911938
0.28429951848 0.396556561432 0.319143920089
0.284693254225 0.396560884708 0.318745861067
0.285088070019 0.396561191552 0.318350738429
0.285483941597 0.396557502843 0.31795855556
0.28588084467 0.396549839659 0.317569315671
0.286278754924 0.396538223271 0.317183021804
0.286677648022 0.396522675143 0.316799676835
0.287077499606 0.396503216925 0.316419283469
0.287478285297 0.396479870451 0.316041844252
0.287879980698 0.39645265774 0.315667361561
0.288282561396 0.396421600987 0.315295837617
0.288686002961 0.396386722562 0.314927274477
0.289090280949 0.39634804501 0.314561674042
0.289495370904 0.396305591042 0.314199038055
0.289901248359 0.396259383537 0.313839368105
0.290307888837 0.396209445536 0.313482665627
0.290715267855 0.39615580024 0.313128931904
0.291123360922 0.396098471008 0.31277816807
0.291532143543 0.39603748135 0.312430375107
0.291941591219 0.395972854928 0.312085553853
0.292351679451 0.39590461555 0.311743704998
0.29276238374 0.395832787171 0.311404829089
0.293173679588 0.395757393884 0.311068926528
0.293585542501 0.395678459921 0.310735997578
0.29399794799 0.39559600965 0.31040604236
0.294410871574 0.395510067569 0.310079060857
0.294824288777 0.395420658306 0.309755052916
0.295238175138 0.395327806615 0.309434018247
0.295652506205 0.395231537371 0.309115956425
0.296067257539 0.395131875569 0.308800866892
0.296482404718 0.395028846322 0.30848874896
0.296897923337 0.394922474854 0.308179601809
0.297313789008 0.394812786502 0.30787342449
0.297729977365 0.394699806708 0.307570215927
0.298146464063 0.39458356102 0.307269974916
0.298563224783 0.394464075086 0.30697270013
0.29898023523 0.394341374654 0.306678390116
0.299397471136 0.394215485565 0.3063870433
0.299814908263 0.394086433754 0.306098657983
0.300232522404 0.393954245245 0.305813232351
0.300650289385 0.393818946148 0.305530764467
0.301068185065 0.393680562658 0.305251252278
0.301486185341 0.393539121047 0.304974693612
0.301904266146 0.39339464767 0.304701086184
0.302322403456 0.393247168951 0.304430427593
0.302740573285 0.393096711388 0.304162715326
0.303158751693 0.39294330155 0.303897946757
0.303576914782 0.392786966069 0.303636119149
0.303995038705 0.392627731641 0.303377229654
0.304413099661 0.392465625022 0.303121275317
0.304831073898 0.392300673027 0.302868253074
0.305248937721 0.392132902524 0.302618159756
0.305666667484 0.391962340432 0.302370992084
0.3060842396 0.391789013721 0.302126746679
0.306501630538 0.391612949406 0.301885420056
0.306918816827 0.391434174545 0.301647008628
0.307335775057 0.391252716238 0.301411508704
0.307752481881 0.391068601623 0.301178916496
0.308168914015 0.390881857871 0.300949228114
0.308585048243 0.390692512187 0.300722439569
0.309000861418 0.390500591807 0.300498546775
0.309416330461 0.390306123991 0.300277545548
0.309831432365 0.390109136026 0.300059431608
0.310246144198 0.38990965522 0.299844200582
0.3106604431 0.389707708901 0.299631847999
0.31107430629 0.389503324412 0.299422369297
0.311487711067 0.389296529111 0.299215759822
0.311900634806 0.389087350368 0.299012014826
0.312313054969 0.38887581556 0.298811129471
0.312724949097 0.388661952072 0.298613098831
0.31313629482 0.388445787293 0.298417917887
0.313547069853 0.388227348612 0.298225581534
0.313957252002 0.388006663419 0.29803608458
0.31436681916 0.387783759097 0.297849421744
0.314775749314 0.387558663026 0.297665587659
0.315184020547 0.387331402577 0.297484576876
0.315591611033 0.387102005109 0.297306383857
0.315998499047 0.38687049797 0.297131002983
0.31640466296 0.386636908489 0.296958428551
0.316810081244 0.386401263981 0.296788654775
0.317214732475 0.386163591737 0.296621675788
0.317618595328 0.385923919029 0.296457485643
0.318021648588 0.385682273102 0.29629607831
0.318423871143 0.385438681175 0.296137447682
0.318825241992 0.385193170436 0.295981587572
0.319225740241 0.384945768044 0.295828491715
0.31962534511 0.384696501123 0.295678153767
0.32002403593 0.384445396762 0.295530567308
0.320421792147 0.38419248201 0.295385725844
0.320818593322 0.383937783878 0.2952436228
0.321214419135 0.383681329335 0.295104251531
0.321609249383 0.383423145304 0.294967605314
0.322003063984 0.383163258662 0.294833677353
0.322395842979 0.38290169624 0.294702460781
0.32278756653 0.382638484815 0.294573948654
0.323178214925 0.382373651115 0.29444813396
0.323567768576 0.382107221812 0.294325009612
0.323956208025 0.381839223521 0.294204568454
0.32434351394 0.3815696828 0.294086803259
0.324729667122 0.381298626148 0.29397170673
0.3251146485 0.38102608 0.2938592715
0.325498439138 0.380752070729 0.293749490133
0.325881020234 0.38047662464 0.293642355127
0.32626237312 0.380199767972 0.293537858908
0.326642479264 0.379921526897 0.293435993839
0.327021320276 0.379641927512 0.293336752212
0.327398877899 0.379360995845 0.293240126257
0.327775134021 0.379078757846 0.293146108133
0.328150070668 0.378795239393 0.293054689939
0.328523670013 0.378510466282 0.292965863705
0.328895914368 0.378224464234 0.292879621399
0.329266786193 0.377937258885 0.292795954922
0.329636268092 0.377648875792 0.292714856116
0.33000434282 0.377359340426 0.292636316755
0.330370993275 0.377068678171 0.292560328554
0.330736202509 0.376776914328 0.292486883164
0.331099953721 0.376484074104 0.292415972175
0.331462230264 0.376190182621 0.292347587115
0.331823015642 0.375895264906 0.292281719451
0.332182293514 0.375599345895 0.292218360591
0.332540047691 0.375302450427 0.292157501881
0.332896262142 0.375004603249 0.292099134609
0.333250920991 0.374705829007 0.292043250002
0.33360400852 0.374406152251 0.29198983923
0.333955509167 0.374105597431 0.291938893402
0.334305407533 0.373804188895 0.291890403571
0.334653688377 0.37350195089 0.291844360733
0.335000336617 0.373198907559 0.291800755825
0.335345337335 0.372895082938 0.291759579726
0.335688675776 0.372590500962 0.291720823262
0.336030337346 0.372285185454 0.2916844772
0.336370307616 0.371979160132 0.291650532252
0.336708572322 0.371672448602 0.291618979075
0.337045117366 0.371365074363 0.291589808271
0.337379928815 0.371057060799 0.291563010386
0.337712992903 0.370748431184 0.291538575913
0.338044296032 0.370439208677 0.291516495291
0.338373824772 0.370129416323 0.291496758904
0.338701565863 0.369819077052 0.291479357085
0.339027506213 0.369508213675 0.291464280112
0.3393516329 0.369196848889 0.291451518211
0.339673933173 0.36888500527 0.291441061557
0.339994394452 0.368572705276 0.291432900272
0.340313004329 0.368259971244 0.291427024426
0.340629750569 0.367946825392 0.291423424039
0.340944621107 0.367633289814 0.291422089079
0.341257604053 0.367319386483 0.291423009465
0.34156868769 0.367005137246 0.291426175064
0.341877860477 0.366690563829 0.291431575694
0.342185111044 0.366375687831 0.291439201125
0.342490428197 0.366060530728 0.291449041075
0.34279380092 0.365745113866 0.291461085215
0.343095218367 0.365429458466 0.291475323167
0.343394669873 0.365113585622 0.291491744505
0.343692144946 0.3647975163 0.291510338755
0.343987633272 0.364481271334 0.291531095395
0.344281124712 0.364164871431 0.291554003857
0.344572609306 0.36384833717 0.291579053525
0.344862077269 0.363531688994 0.291606233737
0.345149518996 0.363214947219 0.291635533785
0.345434925056 0.362898132029 0.291666942915
0.345718286199 0.362581263474 0.291700450326
0.345999593352 0.362264361473 0.291736045175
0.346278837617 0.361947445811 0.291773716571
0.346556010279 0.361630536141 0.29181345358
0.346831102798 0.361313651979 0.291855245223
0.347104106812 0.360996812709 0.291899080479
0.347375014139 0.360680037581 0.29194494828
0.347643816774 0.360363345708 0.291992837518
0.347910506891 0.360046756068 0.292042737041
0.348175076843 0.359730287504 0.292094635653
0.34843751916 0.359413958722 0.292148522118
0.348697826549 0.359097788293 0.292204385158
0.3489559919 0.358781794649 0.292262213451
0.349212008275 0.358465996088 0.292321995637
0.349465868919 0.358150410768 0.292383720313
0.349717567252 0.357835056713 0.292447376035
0.349967096872 0.357519951806 0.292512951322
0.350214451557 0.357205113794 0.292580434649
0.35045962526 0.356890560286 0.292649814455
0.350702612111 0.356576308752 0.292721079137
0.350943406419 0.356262376525 0.292794217056
0.351182002668 0.355948780799 0.292869216533
0.35141839552 0.35563553863 0.292946065851
0.351652579811 0.355322666934 0.293024753254
0.351884550557 0.35501018249 0.293105266952
0.352114302946 0.354698101938 0.293187595116
0.352341832343 0.354386441778 0.293271725879
0.352567134288 0.354075218372 0.29335764734
0.352790204495 0.353764447944 0.293445347561
0.353011038854 0.353454146577 0.293534814569
0.353229633427 0.353144330218 0.293626036355
0.353445984451 0.352835014672 0.293719000876
0.353660088337 0.352526215608 0.293813696055
0.353871941666 0.352217948555 0.293910109779
0.354081541193 0.351910228903 0.294008229904
0.354288883846 0.351603071903 0.29410804425
0.354493966723 0.35129649267 0.294209540607
0.354696787093 0.350990506177 0.294312706731
0.354897342395 0.350685127261 0.294417530344
0.355095630239 0.35038037062 0.294523999141
0.355291648404 0.350076250815 0.294632100781
0.355485394838 0.349772782267 0.294741822895
0.355676867656 0.349469979261 0.294853153083
0.355866065142 0.349167855944 0.294966078915
0.356052985747 0.348866426324 0.295080587929
0.356237628088 0.348565704274 0.295196667638
0.356419990948 0.348265703529 0.295314305523
0.356600073276 0.347966437687 0.295433489038
0.356777874183 0.347667920209 0.295554205608
0.356953392948 0.347370164421 0.295676442631
0.35712662901 0.347073183511 0.295800187479
0.357297581972 0.346776990533 0.295925427496
0.357466251598 0.346481598403 0.296052149999
0.357632637813 0.346187019905 0.296180342282
0.357796740704 0.345893267684 0.296309991612
0.357958560517 0.345600354253 0.29644108523
0.358118097656 0.34530829199 0.296573610354
0.358275352684 0.345017093137 0.296707554178
0.358430326321 0.344726769805 0.296842903873
0.358583019444 0.34443733397 0.296979646586
0.358733433086 0.344148797474 0.29711776944
0.358881568434 0.343861172026 0.297257259539
0.359027426831 0.343574469205 0.297398103965
0.35917100977 0.343288700455 0.297540289775
0.3593123189 0.343003877089 0.297683804011
0.359451356021 0.34272001029 0.297828633689
0.359588123082 0.342437111107 0.297974765811
0.359722622183 0.342155190461 0.298122187356
0.359854855574 0.341874259141 0.298270885285
0.359984825651 0.341594327808 0.298420846541
0.36011253496 0.341315406991 0.29857205805
0.360237986189 0.341037507091 0.298724506719
0.360361182177 0.340760638381 0.298878179442
0.360482125903 0.340484811005 0.299033063092
0.360600820491 0.340210034979 0.29918914453
0.360717269208 0.339936320192 0.299346410601
0.360831475461 0.339663676405 0.299504848133
0.360943442801 0.339392113255 0.299664443944
0.361053174915 0.33912164025 0.299825184835
0.36116067563 0.338852266775 0.299987057596
0.36126594891 0.338584002086 0.300150049003
0.361368998859 0.338316855319 0.300314145822
0.361469829711 0.338050835483 0.300479334806
0.361568445839 0.337785951463 0.300645602698
0.361664851748 0.337522212022 0.30081293623
0.361759052076 0.337259625799 0.300981322124
0.361851051592 0.336998201313 0.301150747095
0.361940855196 0.336737946958 0.301321197847
0.362028467916 0.336478871008 0.301492661076
0.362113894911 0.336220981617 0.301665123472
0.362197141465 0.335964286818 0.301838571718
0.362278212988 0.335708794524 0.302012992488
0.362357115017 0.335454512528 0.302188372454
0.362433853213 0.335201448507 0.302364698281
0.362508433357 0.334949610015 0.302541956628
0.362580861354 0.334699004493 0.302720134153
0.362651143231 0.334449639262 0.302899217507
0.362719285132 0.334201521526 0.303079193342
0.362785293321 0.333954658375 0.303260048304
0.362849174179 0.33370905678 0.303441769041
0.362910934203 0.333464723601 0.303624342196
0.362970580005 0.33322166558 0.303807754415
0.363028118311 0.332979889346 0.303991992343
0.363083555962 0.332739401414 0.304177042624
0.363136899907 0.332500208187 0.304362891906
0.363188157208 0.332262315954 0.304549526838
0.363237335036 0.332025730894 0.30473693407
0.363284440669 0.331790459073 0.304925100257
0.363329481494 0.331556506447 0.305114012059
0.363372465003 0.331323878861 0.305303656136
0.363413398792 0.33109258205 0.305494019158
0.363452290562 0.330862621641 0.305685087797
0.363489148115 0.330634003151 0.305876848734
0.363523979356 0.330406731989 0.306069288655
0.363556792287 0.330180813458 0.306262394255
0.363587595013 0.329956252752 0.306456152235
0.363616395733 0.32973305496 0.306650549308
0.363643202744 0.329511225063 0.306845572193
0.363668024438 0.32929076794 0.307041207622
0.363690869303 0.329071688361 0.307237442336
0.363711745917 0.328853990995 0.307434263088
0.363730662951 0.328637680406 0.307631656643
0.363747629167 0.328422761055 0.307829609779
0.363762653415 0.328209237299 0.308028109285
0.363775744635 0.327997113397 0.308227141968
0.363786911853 0.327786393501 0.308426694646
0.36379616418 0.327577081666 0.308626754154
0.363803510812 0.327369181846 0.308827307342
0.363808961029 0.327162697893 0.309028341078
0.363812524193 0.326957633563 0.309229842244
0.363814209746 0.32675399251 0.309431797744
0.363814027211 0.326551778291 0.309634194498
0.363811986188 0.326350994367 0.309837019444
0.363808096356 0.326151644101 0.310040259543
0.363802367469 0.325953730757 0.310243901774
0.363794809357 0.325757257506 0.310447933137
0.363785431921 0.325562227423 0.310652340656
0.363774245139 0.325368643487 0.310857111374
0.363761259056 0.325176508584 0.31106223236
0.363746483789 0.324985825506 0.311267690705
0.363729929525 0.32479659695 0.311473473525
0.363711606517 0.324608825522 0.311679567961
0.363691525085 0.324422513736 0.31188596118
0.363669695614 0.324237664013 0.312092640373
0.363646128555 0.324054278685 0.31229959276
0.363620834419 0.323872359991 0.31250680559
0.363593823782 0.323691910082 0.312714266136
0.363565107277 0.323512931019 0.312921961704
0.3635346956 0.323335424774 0.313129879627
0.363502599502 0.323159393229 0.313338007268
0.363468829794 0.322984838182 0.313546332024
0.363433397341 0.322811761339 0.31375484132
0.363396313062 0.322640164323 0.313963522615
0.363357587932 0.32247004867 0.314172363398
0.363317232976 0.322301415828 0.314381351196
0.363275259272 0.322134267162 0.314590473566
0.363231677946 0.321968603953 0.314799718102
0.363186500174 0.321804427395 0.315009072431
0.363139737181 0.3216417386 0.315218524219
0.363091400236 0.321480538599 0.315428061166
0.363041500654 0.321320828336 0.31563767101
0.362990049796 0.321162608677 0.315847341527
0.362937059064 0.321005880404 0.316057060532
0.362882539903 0.32085064422 0.316266815877
0.362826503798 0.320696900744 0.316476595457
0.362768962276 0.32054465052 0.316686387205
0.362709926898 0.320393894007 0.316896179094
0.362649409267 0.320244631591 0.317105959142
0.362587421021 0.320096863574 0.317315715406
0.362523973831 0.319950590183 0.317525435987
0.362459079404 0.319805811567 0.317735109029
0.36239274948 0.319662527799 0.31794472272
0.362324995831 0.319520738874 0.318154265295
0.362255830259 0.319380444711 0.31836372503
0.362185264596 0.319241645155 0.31857309025
0.362113310701 0.319104339974 0.318782349324
0.362039980464 0.318968528865 0.318991490671
0.361965285799 0.318834211446 0.319200502755
0.361889238645 0.318701387267 0.319409374089
0.361811850966 0.3185700558 0.319618093234
0.361733134749 0.318440216448 0.319826648803
0.361653102004 0.31831186854 0.320035029455
0.361571764762 0.318185011335 0.320243223903
0.361489135072 0.31805964402 0.320451220909
0.361405225004 0.317935765711 0.320659009286
0.361320046645 0.317813375454 0.320866577901
0.3612336121 0.317692472227 0.321073915673
0.361145933489 0.317573054936 0.321281011574
0.361057022948 0.317455122422 0.321487854631
0.360966892624 0.317338673453 0.321694433923
0.36087555468 0.317223706734 0.321900738585
0.360783021291 0.3171102209 0.322106757809
0.360689304639 0.31699821452 0.322312480841
0.360594416921 0.316887686095 0.322517896984
0.360498370338 0.316778634063 0.322722995599
0.360401177104 0.316671056794 0.322927766102
0.360302849435 0.316564952595 0.32313219797
0.360203399556 0.316460319706 0.323336280737
0.360102839697 0.316357156306 0.323540003997
0.36000118209 0.316255460508 0.323743357402
0.359898438973 0.316155230362 0.323946330665
0.359794622584 0.316056463856 0.32414891356
0.359689745163 0.315959158915 0.324351095921
0.359583818951 0.315863313404 0.324552867645
0.359476856187 0.315768925125 0.324754218689
0.359368869109 0.315675991818 0.324955139073
0.359259869954 0.315584511164 0.325155618882
0.359149870953 0.315494480784 0.325355648263
0.359038884337 0.315405898239 0.325555217425
0.358926922327 0.31531876103 0.325754316643
0.358813997142 0.3152330666 0.325952936258
0.358700120992 0.315148812334 0.326151066674
0.35858530608 0.315065995558 0.326348698362
0.358469564601 0.314984613541 0.326545821857
0.35835290874 0.314904663496 0.326742427764
0.358235350672 0.314826142577 0.326938506751
0.358116902561 0.314749047883 0.327134049555
0.357997576559 0.314673376458 0.327329046983
0.357877384805 0.31459912529 0.327523489905
0.357756339426 0.31452629131 0.327717369264
0.357634452533 0.314454871398 0.327910676069
0.357511736222 0.314384862377 0.328103401401
0.357388202575 0.314316261018 0.328295536407
0.357263863655 0.314249064037 0.328487072308
0.357138731509 0.314183268099 0.328678000392
0.357012818166 0.314118869815 0.328868312019
0.356886135635 0.314055865745 0.329057998621
0.356758695905 0.313994252395 0.3292470517
0.356630510946 0.313934026224 0.32943546283
0.356501592707 0.313875183635 0.329623223658
0.356371953113 0.313817720985 0.329810325902
0.356241604068 0.313761634577 0.329996761355
0.356110557453 0.313706920668 0.33018252188
0.355978825123 0.313653575462 0.330367599415
0.35584641891 0.313601595118 0.330551985972
0.355713350621 0.313550975743 0.330735673636
0.355579632034 0.313501713398 0.330918654568
0.355445274904 0.313453804095 0.331100921001
0.355310290956 0.3134072438 0.331282465244
0.355174691886 0.313362028432 0.331463279682
0.355038489365 0.313318153861 0.331643356773
0.354901695031 0.313275615914 0.331822689054
0.354764320494 0.313234410371 0.332001269134
0.354626377333 0.313194532966 0.332179089702
0.354487877093 0.313155979388 0.332356143519
0.354348831292 0.313118745283 0.332532423426
0.354209251411 0.313082826251 0.332707922339
0.3540691489 0.313048217848 0.332882633252
0.353928535175 0.313014915589 0.333056549236
0.353787421619 0.312982914943 0.333229663438
0.353645819577 0.312952211338 0.333401969085
0.35350374036 0.312922800159 0.333573459481
0.353361195245 0.31289467675 0.333744128006
0.353218195469 0.312867836411 0.33391396812
0.353074752235 0.312842274403 0.334082973362
0.352930876706 0.312817985947 0.334251137347
0.352786580008 0.31279496622 0.334418453772
0.352641873227 0.312773210363 0.33458491641
0.352496767413 0.312752713474 0.334750519114
0.352351273572 0.312733470613 0.334915255815
0.352205402673 0.312715476801 0.335079120526
0.352059165642 0.312698727022 0.335242107336
0.351912573366 0.312683216218 0.335404210416
0.351765636688 0.312668939297 0.335565424015
0.351618366411 0.312655891127 0.335725742462
0.351470773294 0.31264406654 0.335885160166
0.351322868053 0.31263346033 0.336043671617
0.351174661361 0.312624067257 0.336201271382
0.351026163846 0.312615882043 0.336357954112
0.350877386093 0.312608899374 0.336513714533
0.350728338641 0.312603113903 0.336668547457
0.350579031984 0.312598520245 0.336822447771
0.350429476571 0.312595112984 0.336975410445
0.350279682804 0.312592886666 0.33712743053
0.350129661039 0.312591835806 0.337278503155
0.349979421585 0.312591954884 0.33742862353
0.349828974704 0.312593238348 0.337577786948
0.34967833061 0.312595680612 0.337725988778
0.349527499468 0.312599276058 0.337873224474
0.349376491396 0.312604019037 0.338019489566
0.349225316464 0.312609903867 0.338164779668
0.349073984691 0.312616924836 0.338309090473
0.348922506047 0.312625076199 0.338452417754
0.348770890453 0.312634352181 0.338594757365
0.348619147779 0.31264474698 0.338736105241
0.348467287846 0.312656254758 0.338876457395
0.348315320423 0.312668869654 0.339015809923
0.348163255227 0.312682585773 0.339154159
0.348011101925 0.312697397193 0.339291500881
0.347858870134 0.312713297965 0.339427831902
0.347706569415 0.312730282108 0.339563148477
0.347554209281 0.312748343617 0.339697447103
0.347401799188 0.312767476457 0.339830724354
0.347249348544 0.312787674569 0.339962976887
0.3470968667 0.312808931865 0.340094201435
0.346944362956 0.312831242229 0.340224394814
0.346791846558 0.312854599524 0.340353553918
0.346639326697 0.312878997583 0.34048167572
0.346486812511 0.312904430216 0.340608757273
0.346334313084 0.312930891207 0.34073479571
0.346181837444 0.312958374315 0.340859788241
0.346029394567 0.312986873277 0.340983732156
0.345876993371 0.313016381804 0.341106624825
0.34572464272 0.313046893584 0.341228463696
0.345572351424 0.313078402283 0.341349246293
0.345420128235 0.313110901543 0.341468970222
0.345267981852 0.313144384983 0.341587633165
0.345115920914 0.313178846202 0.341705232884
0.344963954009 0.313214278776 0.341821767216
0.344812089665 0.313250676258 0.341937234077
0.344660336354 0.313288032184 0.342051631462
0.344508702492 0.313326340066 0.342164957441
0.34435719644 0.313365593397 0.342277210163
0.344205826498 0.313405785649 0.342388387853
0.344054600913 0.313446910275 0.342498488811
0.343903527872 0.313488960711 0.342607511417
0.343752615505 0.313531930369 0.342715454126
0.343601871887 0.313575812647 0.342822315466
0.343451305031 0.313620600923 0.342928094045
0.343300922896 0.313666288558 0.343032788546
0.343150733383 0.313712868894 0.343136397724
0.343000744331 0.313760335256 0.343238920413
0.342850963526 0.313808680955 0.343340355519
0.342701398694 0.313857899281 0.343440702025
0.3425520575 0.313907983513 0.343539958987
0.342402947555 0.313958926909 0.343638125536
0.342254076409 0.314010722717 0.343735200874
0.342105451554 0.314063364165 0.343831184281
0.341957080424 0.314116844469 0.343926075107
0.341808970393 0.314171156831 0.344019872776
0.341661128777 0.314226294438 0.344112576785
0.341513562835 0.314282250463 0.344204186703
0.341366279763 0.314339018067 0.34429470217
0.341219286702 0.314396590397 0.344384122901
0.341072590732 0.314454960588 0.34447244868
0.340926198875 0.314514121763 0.344559679362
0.340780118094 0.314574067032 0.344645814874
0.340634355291 0.314634789495 0.344730855213
0.340488917312 0.31469628224 0.344814800447
0.340343810942 0.314758538344 0.344897650714
0.340199042907 0.314821550874 0.344979406219
0.340054619874 0.314885312886 0.34506006724
0.339910548452 0.314949817427 0.345139634121
0.339766835187 0.315015057536 0.345218107276
0.339623486572 0.31508102624 0.345295487188
0.339480509035 0.31514771656 0.345371774406
0.339337908948 0.315215121506 0.345446969547
0.339195692623 0.315283234082 0.345521073296
0.339053866313 0.315352047283 0.345594086404
0.338912436211 0.315421554099 0.345666009689
0.338771408454 0.315491747511 0.345736844035
0.338630789115 0.315562620493 0.345806590392
0.338490584213 0.315634166014 0.345875249774
0.338350799703 0.315706377037 0.34594282326
0.338211441485 0.315779246518 0.346009311996
0.338072515399 0.315852767411 0.34607471719
0.337934027225 0.315926932662 0.346139040114
0.337795982684 0.316001735212 0.346202282103
0.337658387441 0.316077168002 0.346264444557
0.337521247098 0.316153223965 0.346325528937
0.337384567202 0.316229896033 0.346385536765
0.33724835324 0.316307177133 0.346444469628
0.337112610639 0.31638506019 0.346502329171
0.33697734477 0.316463538128 0.346559117102
0.336842560943 0.316542603867 0.34661483519
0.336708264412 0.316622250327 0.346669485261
0.336574460371 0.316702470423 0.346723069205
0.336441153957 0.316783257074 0.346775588968
0.336308350248 0.316864603195 0.346827046557
0.336176054263 0.316946501702 0.346877444035
0.336044270966 0.317028945509 0.346926783524
0.33591300526 0.317111927534 0.346975067206
0.335782261992 0.317195440691 0.347022297317
0.33565204595 0.317279477899 0.34706847615
0.335522361866 0.317364032078 0.347113606056
0.335393214413 0.317449096146 0.347157689441
0.335264608208 0.317534663027 0.347200728765
0.335136547809 0.317620725646 0.347242726544
0.335009037719 0.317707276931 0.34728368535
0.334882082381 0.317794309813 0.347323607806
0.334755686184 0.317881817226 0.34736249659
0.334629853458 0.317969792107 0.347400354434
0.334504588478 0.3180582274 0.347437184122
0.334379895461 0.31814711605 0.347472988488
0.334255778568 0.31823645101 0.347507770422
0.334132241904 0.318326225235 0.347541532862
0.334009289516 0.318416431687 0.347574278797
0.333886925399 0.318507063334 0.347606011268
0.333765153487 0.31859811315 0.347636733364
0.333643977661 0.318689574115 0.347666448224
0.333523401747 0.318781439216 0.347695159038
0.333403429513 0.318873701447 0.347722869041
0.333284064673 0.31896635381 0.347749581517
0.333165310886 0.319059389314 0.3477752998
0.333047171756 0.319152800976 0.347800027268
0.33292965083 0.319246581824 0.347823767347
0.332812751603 0.31934072489 0.347846523507
0.332696477512 0.319435223219 0.347868299268
0.332580831944 0.319530069865 0.347889098191
0.332465818228 0.31962525789 0.347908923882
0.332351439639 0.319720780368 0.347927779994
0.332237699399 0.319816630381 0.34794567022
0.332124600677 0.319912801024 0.3479625983
0.332012146586 0.320009285402 0.347978568012
0.331900340187 0.320106076632 0.347993583181
0.331789184486 0.320203167842 0.348007647671
0.331678682439 0.320300552173 0.348020765388
0.331568836946 0.320398222777 0.348032940277
0.331459650854 0.320496172819 0.348044176327
0.33135112696 0.320594395478 0.348054477562
0.331243268004 0.320692883945 0.34806384805
0.331136076679 0.320791631426 0.348072291895
0.331029555621 0.320890631139 0.34807981324
0.330923707417 0.320989876318 0.348086416264
0.330818534601 0.321089360211 0.348092105188
0.330714039656 0.32118907608 0.348096884264
0.330610225012 0.321289017203 0.348100757785
0.33050709305 0.321389176874 0.348103730077
0.330404646097 0.321489548401 0.348105805502
0.330302886431 0.32159012511 0.348106988459
0.33020181628 0.321690900342 0.348107283379
0.330101437819 0.321791867455 0.348106694726
0.330001753175 0.321893019825 0.348105227
0.329902764423 0.321994350844 0.348102884733
0.32980447359 0.322095853921 0.348099672489
0.32970688265 0.322197522486 0.348095594864
0.329609993531 0.322299349983 0.348090656485
0.32951380811 0.322401329878 0.348084862012
0.329418328214 0.322503455654 0.348078216132
0.329323555622 0.322605720813 0.348070723565
0.329229492064 0.322708118876 0.34806238906
0.329136139221 0.322810643386 0.348053217394
0.329043498726 0.322913287902 0.348043213371
0.328951572164 0.323016046008 0.348032381828
0.328860361072 0.323118911304 0.348020727624
0.328769866938 0.323221877412 0.348008255649
0.328680091204 0.323324937978 0.347994970818
0.328591035263 0.323428086665 0.347980878071
0.328502700463 0.323531317161 0.347965982376
0.328415088103 0.323634623173 0.347950288724
0.328328199435 0.323737998433 0.347933802132
0.328242035666 0.323841436693 0.347916527641
0.328156597956 0.323944931729 0.347898470315
0.328071887419 0.32404847734 0.347879635241
0.327987905122 0.324152067347 0.34786002753
0.327904652089 0.324255695597 0.347839652315
0.327822129294 0.324359355957 0.347818514749
0.32774033767 0.324463042321 0.347796620009
0.327659278102 0.324566748606 0.347773973291
0.327578951433 0.324670468755 0.347750579812
0.327499358458 0.324774196734 0.347726444808
0.327420499929 0.324877926534 0.347701573537
0.327342376556 0.324981652173 0.347675971272
0.327264989 0.325085367692 0.347649643307
0.327188337883 0.325189067161 0.347622594955
0.327112423781 0.325292744674 0.347594831545
0.327037247227 0.325396394351 0.347566358422
0.326962808711 0.325500010338 0.34753718095
0.326889108681 0.325603586811 0.347507304509
0.326816147539 0.325707117969 0.347476734492
0.326743925648 0.325810598041 0.34744547631
0.326672443328 0.325914021282 0.347413535389
0.326601700856 0.326017381976 0.347380917168
0.326531698468 0.326120674433 0.347347627099
0.326462436357 0.326223892992 0.347313670651
0.326393914677 0.326327032021 0.347279053302
0.326326133538 0.326430085917 0.347243780546
0.326259093011 0.326533049103 0.347207857886
0.326192793127 0.326635916034 0.347171290839
0.326127233873 0.326738681194 0.347134084933
0.3260624152 0.326841339094 0.347096245706
0.325998337016 0.326943884278 0.347057778707
0.32593499919 0.327046311316 0.347018689494
0.325872401551 0.327148614812 0.346978983636
0.325810543891 0.327250789398 0.346938666711
0.32574942596 0.327352829737 0.346897744303
0.325689047469 0.327454730523 0.346856222008
0.325629408093 0.327556486479 0.346814105428
0.325570507465 0.327658092362 0.346771400172
0.325512345184 0.327759542959 0.346728111857
0.325454920806 0.327860833088 0.346684246105
0.325398233854 0.327961957599 0.346639808547
0.325342283811 0.328062911374 0.346594804816
0.325287070121 0.328163689326 0.346549240553
0.325232592195 0.328264286401 0.346503121404
0.325178849404 0.328364697579 0.346456453018
0.325125841083 0.328464917869 0.346409241049
0.325073566531 0.328564942316 0.346361491154
0.32502202501 0.328664765995 0.346313208994
0.324971215749 0.328764384018 0.346264400234
0.324921137936 0.328863791526 0.346215070538
0.324871790729 0.328962983695 0.346165225577
0.324823173246 0.329061955735 0.346114871019
0.324775284573 0.329160702891 0.346064012536
0.324728123761 0.329259220438 0.346012655802
0.324681689824 0.329357503688 0.345960806488
0.324635981745 0.329455547988 0.345908470268
0.32459099847 0.329553348716 0.345855652815
0.324546738913 0.329650901286 0.345802359801
0.324503201953 0.329748201149 0.345748596899
0.324460386436 0.329845243786 0.345694369778
0.324418291176 0.329942024717 0.345639684106
0.324376914953 0.330038539495 0.345584545552
0.324336256513 0.330134783709 0.345528959778
0.324296314571 0.330230752982 0.345472932446
0.32425708781 0.330326442974 0.345416469215
0.324218574881 0.33042184938 0.345359575739
0.324180774401 0.33051696793 0.34530225767
0.324143684957 0.33061179439 0.345244520653
0.324107305106 0.330706324562 0.345186370333
0.324071633371 0.330800554284 0.345127812345
0.324036668246 0.330894479431 0.345068852323
0.324002408194 0.330988095913 0.345009495893
0.323968851648 0.331081399676 0.344949748676
0.323935997009 0.331174386705 0.344889616287
0.32390384265 0.331267053017 0.344829104333
0.323872386913 0.331359394671 0.344768218417
0.323841628111 0.331451407758 0.344706964131
0.323811564528 0.331543088409 0.344645347063
0.323782194419 0.331634432789 0.344583372792
0.323753516008 0.331725437104 0.344521046887
0.323725527495 0.331816097594 0.344458374912
0.323698227046 0.331906410536 0.344395362418
0.323671612804 0.331996372246 0.34433201495
0.32364568288 0.332085979076 0.344268338044
0.323620435361 0.332175227416 0.344204337224
0.323595868303 0.332264113693 0.344140018004
0.323571979737 0.332352634373 0.34407538589
0.323548767666 0.332440785957 0.344010446377
0.323526230068 0.332528564986 0.343945204946
0.323504364893 0.332615968038 0.34387966707
0.323483170064 0.332702991727 0.343813838209
0.323462643479 0.332789632708 0.343747723813
0.323442783011 0.332875887671 0.343681329318
0.323423586506 0.332961753346 0.343614660148
0.323405051785 0.3330472265 0.343547721715
0.323387176644 0.333132303938 0.343480519418
0.323369958855 0.333216982503 0.343413058642
0.323353396163 0.333301259077 0.343345344761
0.32333748629 0.333385130578 0.343277383132
0.323322226935 0.333468593966 0.343209179099
0.323307615771 0.333551646234 0.343140737995
0.323293650448 0.333634284419 0.343072065134
0.323280328592 0.333716505591 0.343003165817
0.323267647808 0.333798306861 0.342934045332
0.323255605674 0.333879685378 0.342864708948
0.323244199748 0.33396063833 0.342795161922
0.323233427566 0.334041162941 0.342725409493
0.323223286638 0.334121256477 0.342655456885
0.323213774456 0.334200916238 0.342585309306
0.323204888488 0.334280139565 0.342514971947
0.32319662618 0.334358923838 0.342444449982
0.323188984957 0.334437266473 0.34237374857
0.323181962223 0.334515164927 0.34230287285
0.323175555361 0.334592616693 0.342231827946
0.323169761733 0.334669619303 0.342160618964
0.32316457868 0.334746170329 0.342089250991
0.323160003525 0.334822267379 0.342017729096
0.323156033567 0.334897908101 0.341946058332
0.323152666088 0.33497309018 0.341874243732
0.32314989835 0.335047811341 0.341802290309
0.323147727595 0.335122069345 0.341730203061
0.323146151045 0.335195861993 0.341657986962
0.323145165906 0.335269187124 0.341585646971
0.323144769361 0.335342042614 0.341513188025
0.323144958579 0.335414426379 0.341440615042
0.323145730707 0.335486336372 0.341367932921
0.323147082876 0.335557770584 0.341295146541
0.323149012198 0.335628727044 0.341222260758
0.323151515769 0.33569920382 0.341149280411
0.323154590667 0.335769199016 0.341076210317
0.323158233951 0.335838710777 0.341003055272
0.323162442666 0.335907737283 0.340929820051
0.323167213837 0.335976276753 0.340856509409
0.323172544477 0.336044327444 0.340783128079
0.323178431578 0.33611188765 0.340709680772
0.323184872118 0.336178955703 0.340636172178
0.323191863061 0.336245529973 0.340562606965
0.323199401353 0.336311608867 0.340488989779
0.323207483925 0.33637719083 0.340415325245
0.323216107694 0.336442274343 0.340341617963
0.32322526956 0.336506857927 0.340267872514
0.323234966411 0.336570940136 0.340194093453
0.323245195118 0.336634519567 0.340120285315
0.323255952539 0.336697594849 0.340046452612
0.323267235519 0.33676016465 0.339972599831
0.323279040888 0.336822227676 0.339898731436
0.323291365461 0.336883782668 0.339824851871
0.323304206042 0.336944828404 0.339750965553
0.323317559422 0.337005363701 0.339677076877
0.323331422376 0.33706538741 0.339603190214
0.323345791671 0.337124898418 0.339529309911
0.323360664056 0.337183895653 0.339455440291
0.323376036273 0.337242378073 0.339381585654
0.323391905049 0.337300344677 0.339307750274
0.323408267099 0.337357794499 0.339233938402
0.323425119128 0.337414726607 0.339160154265
0.323442457828 0.337471140108 0.339086402064
0.323460279882 0.337527034143 0.339012685975
0.323478581959 0.337582407888 0.338939010153
0.323497360721 0.337637260557 0.338865378723
0.323516612815 0.337691591397 0.338791795788
0.323536334882 0.337745399692 0.338718265426
0.323556523551 0.337798684761 0.338644791688
0.32357717544 0.337851445957 0.338571378602
0.32359828716 0.337903682671 0.338498030169
0.32361985531 0.337955394324 0.338424750366
0.323641876482 0.338006580377 0.338351543141
0.323664347257 0.338057240321 0.338278412422
0.323687264208 0.338107373686 0.338205362106
0.3237106239 0.338156980033 0.338132396066
0.32373442289 0.338206058959 0.338059518151
0.323758657724 0.338254610094 0.337986732182
0.323783324944 0.338302633102 0.337914041954
0.323808421081 0.338350127683 0.337841451235
0.323833942661 0.338397093568 0.33776896377
0.323859886201 0.338443530524 0.337696583275
0.323886248212 0.338489438348 0.33762431344
0.323913025196 0.338534816875 0.337552157929
0.323940213652 0.338579665968 0.33748012038
0.323967810069 0.338623985528 0.337408204403
0.323995810932 0.338667775485 0.337336413583
0.324024212719 0.338711035804 0.337264751477
0.324053011901 0.338753766482 0.337193221617
0.324082204947 0.338795967547 0.337121827506
0.324111788317 0.33883763906 0.337050572623
0.324141758467 0.338878781117 0.336979460416
0.324172111848 0.338919393841 0.33690849431
0.324202844907 0.338959477391 0.336837677702
0.324233954085 0.338999031954 0.33676701396
0.32426543582 0.339038057752 0.336696506428
0.324297286544 0.339076555036 0.33662615842
0.324329502687 0.339114524088 0.336555973224
0.324362080674 0.339151965223 0.336485954103
0.324395016927 0.339188878784 0.336416104289
0.324428307865 0.339225265147 0.336346426989
0.324461949901 0.339261124717 0.336276925382
0.324495939449 0.33929645793 0.336207602621
0.324530272919 0.339331265252 0.336138461829
0.324564946716 0.339365547179 0.336069506105
0.324599957246 0.339399304237 0.336000738517
0.324635300912 0.33943253698 0.335932162109
0.324670974112 0.339465245993 0.335863779895
0.324706973247 0.33949743189 0.335795594863
0.324743294712 0.339529095314 0.335727609973
0.324779934905 0.339560236937 0.335659828158
0.324816890218 0.339590857459 0.335592252322
0.324854157047 0.339620957609 0.335524885344
0.324891731783 0.339650538144 0.335457730074
0.324929610818 0.339679599849 0.335390789333
0.324967790545 0.339708143538 0.335324065917
0.325006267355 0.339736170051 0.335257562594
0.325045037638 0.339763680258 0.335191282103
0.325084097788 0.339790675055 0.335125227157
0.325123444196 0.339817155363 0.335059400441
0.325163073254 0.339843122134 0.334993804612
0.325202981356 0.339868576344 0.3349284423
0.325243164896 0.339893518997 0.334863316107
0.325283620269 0.339917951123 0.334798428608
0.325324343873 0.339941873778 0.334733782349
0.325365332105 0.339965288043 0.334669379852
0.325406581364 0.339988195028 0.334605223608
0.325448088054 0.340010595865 0.334541316081
0.325489848577 0.340032491713 0.334477659709
0.32553185934 0.340053883758 0.334414256902
0.325574116751 0.340074773207 0.334351110042
0.325616617221 0.340095161294 0.334288221484
0.325659357164 0.34011504928 0.334225593556
0.325702332997 0.340134438446 0.334163228557
0.325745541139 0.340153330099 0.334101128761
0.325788978015 0.340171725572 0.334039296414
0.325832640049 0.340189626219 0.333977733732
0.325876523675 0.340207033418 0.333916442907
0.325920625324 0.340223948572 0.333855426103
0.325964941436 0.340240373107 0.333794685457
0.326009468454 0.340256308469 0.333734223077
0.326054202824 0.340271756131 0.333674041045
0.326099140998 0.340286717585 0.333614141417
0.326144279432 0.340301194348 0.33355452622
0.326189614588 0.340315187957 0.333495197455
0.326235142931 0.340328699972 0.333436157097
0.326280860933 0.340341731976 0.333377407091
0.326326765071 0.340354285571 0.333318949358
0.326372851828 0.340366362381 0.333260785791
0.326419117692 0.340377964053 0.333202918256
0.326465559157 0.340389092252 0.333145348592
0.326512172723 0.340399748666 0.333088078612
0.326558954897 0.340409935001 0.333031110101
0.326605902192 0.340419652987 0.33297444482
0.326653011128 0.340428904371 0.332918084501
0.326700278231 0.34043769092 0.332862030849
0.326747700034 0.340446014421 0.332806285545
0.326795273078 0.340453876681 0.332750850241
0.32684299391 0.340461279526 0.332695726564
0.326890859085 0.340468224801 0.332640916114
0.326938865166 0.340474714368 0.332586420466
0.326987008723 0.34048075011 0.332532241167
0.327035286334 0.340486333928 0.332478379738
0.327083694586 0.340491467738 0.332424837676
0.327132230072 0.340496153479 0.332371616449
0.327180889395 0.340500393103 0.332318717502
0.327229669167 0.340504188582 0.332266142251
0.327278566007 0.340507541905 0.332213892088
0.327327576544 0.340510455077 0.332161968379
0.327376697416 0.34051293012 0.332110372464
0.327425925269 0.340514969074 0.332059105657
0.327475256758 0.340516573994 0.332008169247
0.32752468855 0.340517746952 0.331957564497
0.32757421732 0.340518490035 0.331907292646
0.327623839751 0.340518805345 0.331857354904
0.327673552537 0.340518695003 0.33180775246
0.327723352384 0.340518161142 0.331758486474
0.327773236006 0.34051720591 0.331709558084
0.327823200126 0.340515831473 0.331660968401
0.327873241481 0.340514040008 0.331612718511
0.327923356816 0.340511833708 0.331564809475
0.327973542887 0.340509214782 0.331517242331
0.328023796461 0.34050618545 0.331470018089
0.328074114316 0.340502747947 0.331423137737
0.328124493241 0.340498904521 0.331376602238
0.328174930037 0.340494657436 0.331330412527
0.328225421514 0.340490008966 0.33128456952
0.328275964496 0.340484961399 0.331239074105
0.328326555819 0.340479517035 0.331193927146
0.328377192327 0.34047367819 0.331149129484
0.328427870879 0.340467447187 0.331104681934
0.328478588346 0.340460826365 0.331060585289
0.328529341611 0.340453818073 0.331016840316
0.328580127566 0.340446424673 0.330973447761
0.328630943121 0.340438648537 0.330930408342
0.328681785193 0.34043049205 0.330887722757
0.328732650715 0.340421957606 0.330845391679
0.328783536633 0.340413047611 0.330803415756
0.328834439902 0.340403764482 0.330761795616
0.328885357495 0.340394110645 0.330720531859
0.328936286395 0.340384088538 0.330679625067
0.328987223599 0.340373700608 0.330639075793
0.329038166116 0.340362949311 0.330598884573
0.329089110971 0.340351837114 0.330559051915
0.3291400552 0.340340366493 0.330519578306
0.329190995856 0.340328539932 0.330480464212
0.329241930001 0.340316359926 0.330441710073
0.329292854715 0.340303828978 0.330403316307
0.32934376709 0.340290949597 0.330365283313
0.329394664232 0.340277724305 0.330327611463
0.329445543263 0.340264155628 0.330290301109
0.329496401317 0.340250246102 0.33025335258
0.329547235544 0.340235998271 0.330216766185
0.329598043107 0.340221414686 0.330180542207
0.329648821186 0.340206497904 0.33014468091
0.329699566973 0.340191250491 0.330109182536
0.329750277676 0.34017567502 0.330074047304
0.329800950518 0.340159774069 0.330039275413
0.329851582738 0.340143550224 0.330004867038
0.329902171587 0.340127006077 0.329970822336
0.329952714335 0.340110144226 0.329937141439
0.330003208265 0.340092967275 0.32990382446
0.330053650675 0.340075477833 0.329870871492
0.33010403888 0.340057678516 0.329838282603
0.33015437021 0.340039571945 0.329806057845
0.33020464201 0.340021160745 0.329774197245
0.330254851641 0.340002447548 0.329742700812
0.33030499648 0.339983434988 0.329711568532
0.33035507392 0.339964125706 0.329680800374
0.33040508137 0.339944522346 0.329650396284
0.330455016254 0.339924627558 0.329620356187
0.330504876015 0.339904443994 0.329590679991
0.330554658108 0.33988397431 0.329561367582
0.330604360007 0.339863221168 0.329532418825
0.330653979203 0.33984218723 0.329503833567
0.330703513201 0.339820875164 0.329475611635
0.330752959525 0.339799287639 0.329447752836
0.330802315713 0.339777427329 0.329420256958
0.330851579322 0.33975529691 0.329393123768
0.330900747924 0.33973289906 0.329366353016
0.330949819109 0.339710236459 0.329339944432
0.330998790484 0.33968731179 0.329313897725
0.331047659672 0.339664127739 0.329288212589
0.331096424312 0.339640686991 0.329262888696
0.331145082064 0.339616992235 0.329237925701
0.3311936306 0.339593046161 0.329213323239
0.331242067613 0.33956885146 0.329189080927
0.331290390812 0.339544410824 0.329165198364
0.331338597923 0.339519726946 0.329141675131
0.33138668669 0.339494802519 0.329118510791
0.331434654873 0.33946964024 0.329095704887
0.331482500252 0.339444242801 0.329073256947
0.331530220621 0.339418612899 0.32905116648
0.331577813796 0.339392753229 0.329029432975
0.331625277606 0.339366666486 0.329008055908
0.331672609901 0.339340355364 0.328987034735
0.331719808548 0.339313822559 0.328966368893
0.331766871431 0.339287070764 0.328946057805
0.331813796453 0.339260102672 0.328926100875
0.331860581532 0.339232920976 0.328906497491
0.331907224608 0.339205528367 0.328887247024
0.331953723637 0.339177927535 0.328868348828
0.332000076591 0.339150121169 0.32884980224
0.332046281464 0.339122111954 0.328831606581
0.332092336265 0.339093902578 0.328813761156
0.332138239023 0.339065495723 0.328796265253
0.332183987784 0.339036894071 0.328779118145
0.332229580613 0.339008100301 0.328762319086
0.332275015591 0.338979117089 0.328745867319
0.332320290821 0.338949947111 0.328729762067
0.332365404422 0.338920593039 0.328714002539
0.33241035453 0.33889105754 0.328698587929
0.332455139303 0.338861343282 0.328683517415
0.332499756914 0.338831452928 0.328668790159
0.332544205555 0.338801389136 0.328654405308
0.33258848344 0.338771154564 0.328640361996
0.332632588795 0.338740751864 0.32862665934
0.332676519871 0.338710183687 0.328613296442
0.332720274933 0.338679452676 0.328600272391
0.332763852266 0.338648561473 0.328587586261
0.332807250174 0.338617512717 0.328575237109
0.332850466979 0.338586309039 0.328563223981
0.332893501022 0.33855495307 0.328551545908
0.332936350662 0.338523447432 0.328540201906
0.332979014277 0.338491794745 0.328529190978
0.333021490263 0.338459997625 0.328518512111
0.333063777036 0.338428058682 0.328508164283
0.333105873028 0.338395980519 0.328498146453
0.333147776693 0.338363765737 0.32848845757
0.333189486502 0.33833141693 0.328479096568
0.333231000944 0.338298936686 0.328470062369
0.333272318527 0.33826632759 0.328461353882
0.333313437779 0.338233592219 0.328452970001
0.333354357246 0.338200733145 0.32844490961
0.33339507549 0.338167752932 0.328437171577
0.333435591097 0.338134654142 0.328429754761
0.333475902666 0.338101439328 0.328422658006
0.33351600882 0.338068111036 0.328415880144
0.333555908196 0.338034671808 0.328409419996
0.333595599452 0.338001124178 0.32840327637
0.333635081265 0.337967470673 0.328397448061
0.333674352331 0.337933713815 0.328391933855
0.333713411362 0.337899856116 0.328386732523
0.33375225709 0.337865900084 0.328381842826
0.333790888268 0.337831848217 0.328377263514
0.333829303664 0.33779770301 0.328372993326
0.333867502068 0.337763466946 0.328369030987
0.333905482284 0.337729142503 0.328365375213
0.33394324314 0.33769473215 0.32836202471
0.333980783479 0.337660238351 0.32835897817
0.334018102164 0.337625663559 0.328356234277
0.334055198075 0.337591010221 0.328353791704
0.334092070113 0.337556280775 0.328351649112
0.334128717195 0.337521477652 0.328349805153
0.334165138259 0.337486603273 0.328348258468
0.334201332259 0.337451660052 0.328347007689
0.334237298168 0.337416650396 0.328346051436
0.33427303498 0.337381576699 0.328345388321
0.334308541704 0.337346441351 0.328345016945
0.334343817369 0.337311246731 0.328344935901
0.334378861022 0.337275995209 0.32834514377
0.334413671728 0.337240689147 0.328345639125
0.334448248572 0.337205330898 0.328346420531
0.334482590655 0.337169922805 0.328347486541
0.334516697097 0.337134467202 0.328348835701
0.334550567037 0.337098966415 0.328350466548
0.334584199631 0.337063422759 0.32835237761
0.334617594055 0.337027838541 0.328354567405
0.3346507495 0.336992216056 0.328357034444
0.334683665178 0.336956557592 0.32835977723
0.334716340318 0.336920865426 0.328362794256
0.334748774167 0.336885141826 0.328366084007
0.334780965988 0.336849389049 0.328369644963
0.334812915067 0.336813609342 0.328373475591
0.334844620702 0.336777804944 0.328377574354
0.334876082212 0.336741978081 0.328381939707
0.334907298935 0.33670613097 0.328386570095
0.334938270222 0.336670265819 0.328391463958
0.334968995448 0.336634384824 0.328396619728
0.334999474 0.336598490171 0.328402035829
0.335029705286 0.336562584034 0.32840771068
0.33505968873 0.336526668581 0.328413642689
0.335089423775 0.336490745963 0.328419830261
0.33511890988 0.336454818326 0.328426271793
0.335148146523 0.336418887801 0.328432965676
0.335177133196 0.336382956511 0.328439910292
0.335205869413 0.336347026566 0.32844710402
0.335234354702 0.336311100067 0.328454545231
0.335262588609 0.336275179101 0.328462232289
0.335290570698 0.336239265747 0.328470163554
0.335318300549 0.336203362071 0.328478337379
0.33534577776 0.336167470129 0.328486752111
0.335373001945 0.336131591963 0.328495406092
0.335399972735 0.336095729607 0.328504297658
0.33542668978 0.336059885082 0.328513425139
0.335453152743 0.336024060396 0.328522786861
0.335479361308 0.335988257549 0.328532381144
0.335505315172 0.335952478525 0.328542206303
0.335531014051 0.335916725301 0.328552260648
0.335556457676 0.335880999839 0.328562542485
0.335581645797 0.335845304089 0.328573050114
0.335606578178 0.335809639992 0.32858378183
0.3356312546 0.335774009475 0.328594735926
0.33565567486 0.335738414452 0.328605910688
0.335679838773 0.335702856828 0.328617304398
0.335703746169 0.335667338495 0.328628915336
0.335727396894 0.335631861331 0.328640741776
0.335750790809 0.335596427203 0.328652781988
0.335773927793 0.335561037968 0.328665034239
0.335796807741 0.335525695467 0.328677496792
0.335819430562 0.335490401531 0.328690167907
0.335841796181 0.33545515798 0.328703045839
0.335863904541 0.335419966617 0.328716128841
0.335885755599 0.335384829238 0.328729415163
0.335907349326 0.335349747624 0.32874290305
0.335928685712 0.335314723542 0.328756590746
0.33594976476 0.33527975875 0.32877047649
0.335970586489 0.33524485499 0.328784558521
0.335991150933 0.335210013995 0.328798835072
0.336011458141 0.335175237483 0.328813304376
0.336031508178 0.335140527159 0.328827964663
0.336051301124 0.335105884717 0.328842814159
0.336070837073 0.335071311837 0.32885785109
0.336090116134 0.335036810187 0.328873073679
0.336109138432 0.335002381423 0.328888480145
0.336127904106 0.334968027185 0.328904068709
0.336146413309 0.334933749105 0.328919837586
0.336164666209 0.334899548798 0.328935784993
0.33618266299 0.334865427868 0.328951909142
0.336200403848 0.334831387907 0.328968208246
0.336217888994 0.334797430491 0.328984680515
0.336235118655 0.334763557186 0.329001324159
0.336252093069 0.334729769544 0.329018137387
0.336268812491 0.334696069105 0.329035118404
0.33628527719 0.334662457393 0.329052265418
0.336301487445 0.334628935922 0.329069576633
0.336317443554 0.334595506192 0.329087050254
0.336333145825 0.334562169691 0.329104684484
0.336348594582 0.334528927891 0.329122477528
0.33636379016 0.334495782253 0.329140427587
0.33637873291 0.334462734226 0.329158532864
0.336393423196 0.334429785244 0.32917679156
0.336407861394 0.334396936727 0.329195201879
0.336422047894 0.334364190085 0.329213762021
0.336435983099 0.334331546712 0.329232470189
0.336449667425 0.334299007991 0.329251324585
0.336463101301 0.334266575289 0.32927032341
0.336476285169 0.334234249963 0.329289464868
0.336489219484 0.334202033355 0.329308747161
0.336501904713 0.334169926793 0.329328168494
0.336514341336 0.334137931595 0.329347727069
0.336526529845 0.334106049062 0.329367421093
0.336538470746 0.334074280484 0.32938724877
