-3.5516350089 -3.768116 [1, 0, 0]
-3.6107113221 -3.7428188 [0, 1, 0]
-5.5340766951 -5.6648602 [0, 0, 1]
-3.8885230693 -3.8800445 [1, 1, 0]
-5.1831640024 -5.3274035 [1, 0, 1]
-4.5860779101 -4.63911865 [0, 1, 1]
-3.8582884462 -3.80612533333 [2, 1, 0]
-4.8246118011 -4.74736266667 [2, 0, 1]
-3.9374442451 -3.927809 [1, 2, 0]
-4.7107623548 -4.69750666667 [1, 1, 1]
-5.4847222747 -5.41731266667 [1, 0, 2]
-4.299050653 -4.32673233333 [0, 2, 1]
-4.9278056438 -4.91713166667 [0, 1, 2]
-3.7918765121 -3.77761425 [3, 1, 0]
-3.9334829147 -3.87298 [2, 2, 0]
-5.2930576848 -5.2492885 [2, 0, 2]
-4.6020280147 -4.62266175 [0, 2, 2]
-4.1732688356 -4.1810615 [0, 3, 1]
-5.0812068962 -5.07164775 [0, 1, 3]
-4.5908249024 -4.4235635 [3, 0, 1]
-4.6292620683 -4.6366255 [2, 1, 1]
-3.9330784897 -3.90738275 [1, 3, 0]
-4.5075466764 -4.48218575 [1, 2, 1]
-5.0790857704 -5.05795275 [1, 1, 2]
-5.5859055259 -5.55121625 [1, 0, 3]
-3.7297509817 -3.7711188 [4, 1, 0]
-4.3513002862 -4.3223486 [4, 0, 1]
-3.8810894808 -3.8212586 [3, 2, 0]
-4.4325382428 -4.3894644 [3, 1, 1]
-4.9762728808 -4.9188892 [3, 0, 2]
-4.4666296158 -4.4877356 [2, 2, 1]
-4.9523843543 -4.953122 [2, 1, 2]
-5.3610469718 -5.392246 [2, 0, 3]
-4.7204991847 -4.7393156 [1, 2, 2]
-4.0430221394 -4.089954 [0, 4, 1]
-4.4284726916 -4.4518532 [0, 3, 2]
-4.8039206658 -4.8049582 [0, 2, 3]
-5.1665783768 -5.1565688 [0, 1, 4]
-3.9482746053 -3.9075942 [2, 3, 0]
-3.8801324223 -3.8785168 [1, 4, 0]
-4.3048528253 -4.2988998 [1, 3, 1]
-5.1075585164 -5.1256452 [1, 1, 3]
-5.4955264297 -5.5354066 [1, 0, 4]
-3.708404418 -3.770192 [5, 1, 0]
-4.2566357209 -4.19883733333 [5, 0, 1]
-3.8666678803 -3.805213 [4, 2, 0]
-4.7813491745 -4.69178716667 [4, 0, 2]
-4.8324965613 -4.798458 [3, 1, 2]
-5.2610223833 -5.266337 [3, 0, 3]
-4.3571877153 -4.259283 [4, 1, 1]
-3.946121769 -3.85589233333 [3, 3, 0]
-4.3979912932 -4.39659016667 [3, 2, 1]
-3.9578580089 -3.921597 [2, 4, 0]
-4.3509212964 -4.33789166667 [2, 3, 1]
-3.8646628238 -3.85115833333 [1, 5, 0]
-4.210446155 -4.20694483333 [1, 4, 1]
-4.7460561247 -4.73313233333 [2, 2, 2]
-5.138545099 -5.133973 [2, 1, 3]
-5.4497436201 -5.47727483333 [2, 0, 4]
-4.5920429908 -4.55728516667 [1, 3, 2]
-4.9261615845 -4.90742216667 [1, 2, 3]
-5.2381707853 -5.20405283333 [1, 1, 4]
-5.5474766625 -5.5434185 [1, 0, 5]
-3.9931738718 -4.03026933333 [0, 5, 1]
-4.3195665973 -4.33611783333 [0, 4, 2]
-4.6222877542 -4.62166833333 [0, 3, 3]
-4.9277442522 -4.91617566667 [0, 2, 4]
-5.243250382 -5.2117395 [0, 1, 5]
-3.6824641556 -3.767123 [6, 1, 0]
-3.821406806 -3.79040471429 [5, 2, 0]
-4.2361902594 -4.16207571429 [5, 1, 1]
-4.6430350904 -4.54129057143 [5, 0, 2]
-3.9048545745 -3.83878885714 [4, 3, 0]
-4.3214478923 -4.225693 [4, 2, 1]
-4.7235312799 -4.621964 [4, 1, 2]
-5.0935793702 -5.031116 [4, 0, 3]
-4.3060264808 -4.32989314286 [3, 3, 1]
-3.9231867574 -3.91952857143 [2, 5, 0]
-4.6798717775 -4.72529871429 [3, 2, 2]
-4.2483479041 -4.25536642857 [2, 4, 1]
-4.5785846185 -4.58113271429 [2, 3, 2]
-5.0294657739 -4.98922357143 [3, 1, 3]
-4.4343518764 -4.41991885714 [1, 4, 2]
-5.1925500978 -5.17112471429 [2, 1, 4]
-5.3711010531 -5.300876 [3, 0, 4]
-4.9012181941 -4.90228271429 [2, 2, 3]
-4.7115376705 -4.71086828571 [1, 3, 3]
-5.2705792795 -5.27069971429 [1, 1, 5]
-5.4850641336 -5.47430714286 [2, 0, 5]
-4.9931658559 -4.99310914286 [1, 2, 4]
-5.542442371 -5.54071371429 [1, 0, 6]
-4.2213694583 -4.243943 [0, 5, 2]
-4.4836834514 -4.49826414286 [0, 4, 3]
-4.7457815334 -4.74761871429 [0, 3, 4]
-5.0105503028 -5.00489371429 [0, 2, 5]
-5.2735987484 -5.25585914286 [0, 1, 6]
-4.1618604201 -4.136912 [6, 0, 1]
-3.9430561929 -3.890784 [3, 4, 0]
-3.8291959782 -3.833868 [1, 6, 0]
-4.1304575436 -4.12222142857 [1, 5, 1]
-3.9333869526 -3.98696685714 [0, 6, 1]
-4.2487402217 -4.153603875 [5, 2, 1]
-4.952668382 -4.9254345 [4, 1, 3]
-4.9215743661 -4.9020525 [5, 0, 3]
-5.2346015584 -5.281576 [4, 0, 4]
-4.1730112808 -4.180098125 [0, 6, 2]
-3.6651610987 -3.763555375 [7, 1, 0]
-4.0897470008 -4.079031125 [7, 0, 1]
-3.7928842444 -3.78196675 [6, 2, 0]
-4.5431993652 -4.427433125 [6, 0, 2]
-5.4194545677 -5.4114045 [3, 0, 5]
-3.9172533636 -3.912145125 [2, 6, 0]
-4.8032931608 -4.76755925 [2, 3, 3]
-4.8423787783 -4.847835375 [1, 3, 4]
-5.0674290296 -5.045691875 [2, 2, 4]
-5.5703108204 -5.5460685 [2, 0, 6]
-5.0958702405 -5.069048625 [1, 2, 5]
-5.3320782195 -5.30919925 [1, 1, 6]
-5.5572163162 -5.543709875 [1, 0, 7]
-4.2880057945 -4.2057985 [4, 3, 1]
-4.2796218857 -4.26705175 [3, 4, 1]
-4.6489074692 -4.557628625 [4, 2, 2]
-3.9419127464 -3.873263375 [4, 4, 0]
-4.5934617794 -4.56407125 [3, 3, 2]
-3.8055462989 -3.8189175 [1, 7, 0]
-4.360901065 -4.334686125 [1, 5, 2]
-4.6172633318 -4.58989425 [1, 4, 3]
-5.3349605533 -5.301304125 [2, 1, 5]
-4.4067338525 -4.392397 [0, 5, 3]
-5.0951323456 -5.064469625 [0, 2, 6]
-5.3205431851 -5.28996125 [0, 1, 7]
-3.8766945586 -3.81710175 [5, 3, 0]
-4.6177314437 -4.49004075 [5, 1, 2]
-3.9612502519 -3.93056025 [3, 5, 0]
-4.877751374 -4.87929125 [3, 2, 3]
-5.1647158882 -5.185500375 [3, 1, 4]
-4.2108244985 -4.093884625 [6, 1, 1]
-4.2451328699 -4.192140375 [2, 5, 1]
-4.0840207737 -4.0766765 [1, 6, 1]
-4.5391462861 -4.473015625 [2, 4, 2]
-3.9040675 -3.957148625 [0, 7, 1]
-4.6302034172 -4.62012425 [0, 4, 4]
-4.8565778696 -4.83882625 [0, 3, 5]
-4.105224808 -4.07548155556 [7, 1, 1]
-4.545368994 -4.45389666667 [5, 2, 2]
-4.192665009 -4.10639533333 [6, 2, 1]
-4.2313633469 -4.152341 [5, 3, 1]
-4.5120032813 -4.42059611111 [6, 1, 2]
-4.8213015828 -4.79074833333 [5, 1, 3]
-5.117983255 -5.06511455556 [5, 0, 4]
-5.0865049862 -5.03806033333 [4, 1, 4]
-5.341372146 -5.27398855556 [4, 0, 5]
-4.23136069 -4.24106344444 [4, 4, 1]
-4.2102926569 -4.20981666667 [3, 5, 1]
-4.5411577195 -4.50239366667 [4, 3, 2]
-4.8150452306 -4.78662922222 [4, 2, 3]
-4.140938015 -4.143179 [2, 6, 1]
-4.4818943853 -4.48634766667 [3, 4, 2]
-4.7327143393 -4.72855277778 [3, 3, 3]
-4.6301308171 -4.60341377778 [2, 4, 3]
-4.8570307462 -4.83371088889 [2, 3, 4]
-5.4489284495 -5.433402 [3, 0, 6]
-5.0831662949 -5.06704666667 [2, 2, 5]
-4.2600740853 -4.26405844444 [1, 6, 2]
-4.4911390658 -4.48037022222 [1, 5, 3]
-4.9232335991 -4.90755622222 [1, 3, 5]
-5.3234106221 -5.27473244444 [2, 1, 6]
-5.1422572155 -5.11832088889 [1, 2, 6]
-5.5170549971 -5.535185 [2, 0, 7]
-4.1010181405 -4.13031788889 [0, 7, 2]
-4.3116469457 -4.33175455556 [0, 6, 3]
-4.7778220934 -4.72123922222 [6, 0, 3]
-3.7636979584 -3.78582055556 [7, 2, 0]
-3.8636435771 -3.92726666667 [0, 8, 1]
-3.6588423313 -3.75984977778 [8, 1, 0]
-4.9967811284 -4.94089511111 [3, 2, 4]
-5.2326038894 -5.18279355556 [3, 1, 5]
-4.929002684 -4.92638455556 [0, 3, 6]
-5.1395555635 -5.11683211111 [0, 2, 7]
-3.8685485938 -3.807925 [6, 3, 0]
-3.9242897758 -3.83940233333 [5, 4, 0]
-3.9544947102 -3.87116588889 [4, 5, 0]
-3.9464346833 -3.91724733333 [3, 6, 0]
-3.8946310949 -3.87697388889 [2, 7, 0]
-3.7861327529 -3.809299 [1, 8, 0]
-4.0230444758 -4.04966944444 [1, 7, 1]
-5.3444573191 -5.32486422222 [1, 1, 7]
-5.560463628 -5.53839922222 [1, 0, 8]
-5.3453205825 -5.312919 [0, 1, 8]
-4.0424099597 -4.04840922222 [8, 0, 1]
-4.4286128245 -4.37175888889 [7, 0, 2]
-4.3961630597 -4.32915844444 [2, 5, 2]
-4.7259107426 -4.68479777778 [1, 4, 4]
-4.534285475 -4.52679811111 [0, 5, 4]
-4.7271667005 -4.72140277778 [0, 4, 5]
-3.6435909094 -3.760073 [9, 1, 0]
-3.9996042003 -4.015916 [9, 0, 1]
-4.3885904124 -4.2951711 [8, 0, 2]
-4.0640994132 -4.0328226 [8, 1, 1]
-4.44451877 -4.3090425 [7, 1, 2]
-4.70467933 -4.5776975 [7, 0, 3]
-3.8979199858 -3.8279354 [6, 4, 0]
-3.8369257454 -3.7923549 [7, 3, 0]
-4.1534395836 -4.0514061 [7, 2, 1]
-4.4735433051 -4.3638444 [6, 2, 2]
-4.1864569052 -4.1016462 [6, 3, 1]
-4.7438370198 -4.6562458 [6, 1, 3]
-5.0261440811 -4.9780596 [5, 1, 4]
-4.2133454559 -4.1478528 [5, 4, 1]
-3.9459501045 -3.857769 [5, 5, 0]
-4.7504373666 -4.732628 [5, 2, 3]
-4.7200564402 -4.6931144 [4, 3, 3]
-5.0117869191 -4.9476955 [6, 0, 4]
-5.2739664681 -5.2601815 [5, 0, 5]
-4.964407793 -4.9201717 [4, 2, 4]
-5.185598455 -5.1383469 [4, 1, 5]
-5.4030275493 -5.3484978 [4, 0, 6]
-4.4895889532 -4.4942395 [5, 3, 2]
-3.9540494155 -3.9002677 [4, 6, 0]
-4.2161238613 -4.2059649 [4, 5, 1]
-3.9414873653 -3.9179358 [3, 7, 0]
-4.1884765655 -4.159668 [3, 6, 1]
-4.426767754 -4.3906296 [3, 5, 2]
-4.6643195966 -4.6339868 [3, 4, 3]
-4.4795315652 -4.4284201 [4, 4, 2]
-4.1081284559 -4.1001906 [2, 7, 1]
-4.3442679341 -4.3278547 [2, 6, 2]
-3.8834702602 -3.8625704 [2, 8, 0]
-3.7679284153 -3.8004972 [1, 9, 0]
-3.987720645 -4.0032055 [1, 8, 1]
-4.2116871002 -4.2074086 [1, 7, 2]
-4.5538262199 -4.5415542 [2, 5, 3]
-4.421069784 -4.4124556 [1, 6, 3]
-4.7766512192 -4.7638867 [2, 4, 4]
-4.8071062715 -4.7907832 [1, 4, 5]
-4.9059481624 -4.8670905 [3, 3, 4]
-5.1230877936 -5.1050966 [3, 2, 5]
-5.3151503049 -5.301167 [3, 1, 6]
-5.5152406939 -5.5064975 [3, 0, 7]
-4.9886727321 -4.9664374 [2, 3, 5]
-5.1855161713 -5.1655773 [2, 2, 6]
-5.3847725964 -5.3546898 [2, 1, 7]
-5.5678785704 -5.553211 [2, 0, 8]
-4.6236277205 -4.6126109 [1, 5, 4]
-5.000524251 -4.9895405 [1, 3, 6]
-5.1859859009 -5.1652321 [1, 2, 7]
-5.3699546348 -5.3515233 [1, 1, 8]
-5.5588069415 -5.537609 [1, 0, 9]
-3.8430157026 -3.9082544 [0, 9, 1]
-4.0712627937 -4.0913811 [0, 8, 2]
-4.2612089647 -4.2733476 [0, 7, 3]
-4.63025218 -4.6195317 [0, 5, 5]
-4.4431625742 -4.4452638 [0, 6, 4]
-4.8072700784 -4.7991914 [0, 4, 6]
-4.9901734373 -4.9791327 [0, 3, 7]
-5.1760767041 -5.1549013 [0, 2, 8]
-5.3553312283 -5.3348554 [0, 1, 9]
-3.7397625478 -3.7747771 [8, 2, 0]
